2021-02-28_11:33:36,Ahmadabad,34,31,437129,401107,838236,52354,23544,75898,9.05,District Panchayat
2021-02-28_11:33:36,Amreli,34,34,487298,451365,938663,84092,44962,129054,13.75,District Panchayat
2021-02-28_11:33:36,Anand,42,42,628845,586894,1215739,62437,24080,86517,7.12,District Panchayat
2021-02-28_11:33:36,Arvalli,30,30,376844,359118,735962,77079,48220,125299,17.03,District Panchayat
2021-02-28_11:33:36,Bharuch,34,26,468837,435571,904408,34389,17706,52095,5.76,District Panchayat
2021-02-28_11:33:36,Bhavnagar,40,40,603309,554664,1157973,75786,40403,116189,10.03,District Panchayat
2021-02-28_11:33:36,Botad,20,13,132592,117981,250573,12743,4849,17592,7.02,District Panchayat
2021-02-28_11:33:36,ChhotaUdaipur,32,26,392553,369603,762156,32281,18059,50340,6.60,District Panchayat
2021-02-28_11:33:36,DevbhumiDwarka,22,21,207700,192898,400598,27114,10387,37501,9.36,District Panchayat
2021-02-28_11:33:36,Dohad,50,50,670243,671292,1341535,67225,53578,120803,9.00,District Panchayat
2021-02-28_11:33:36,Gandhinagar,28,28,366066,346877,712943,73964,45194,119158,16.71,District Panchayat
2021-02-28_11:33:36,GirSomnath,28,28,360516,339611,700127,71524,48034,119558,17.08,District Panchayat
2021-02-28_11:33:36,Jamnagar,24,24,281592,261459,543051,48027,22078,70105,12.91,District Panchayat
2021-02-28_11:33:36,Junagadh,30,29,404115,370824,774939,76941,42194,119135,15.37,District Panchayat
2021-02-28_11:33:36,Kachchh,40,40,557441,517942,1075383,96548,50240,146788,13.65,District Panchayat
2021-02-28_11:33:36,Mahesana,42,35,673866,623203,1297069,89357,47278,136635,10.53,District Panchayat
2021-02-28_11:33:36,Mahisagar,28,28,348235,328536,676771,45233,27493,72726,10.75,District Panchayat
2021-02-28_11:33:36,Morbi,24,24,281342,260224,541566,78263,44102,122365,22.59,District Panchayat
2021-02-28_11:33:36,Narmada,22,22,210704,204208,414912,27818,17052,44870,10.81,District Panchayat
2021-02-28_11:33:36,Navsari,30,30,387723,389351,777074,67382,48590,115972,14.92,District Panchayat
2021-02-28_11:33:36,PanchMahals,38,34,460474,433704,894178,51081,35441,86522,9.68,District Panchayat
2021-02-28_11:33:36,Patan,32,32,461883,424727,886610,68365,36983,105348,11.88,District Panchayat
2021-02-28_11:33:36,Porbandar,18,18,124573,115251,239824,15521,7503,23024,9.60,District Panchayat
2021-02-28_11:33:36,Rajkot,36,30,503482,456937,960419,56878,25321,82199,8.56,District Panchayat
2021-02-28_11:33:36,SabarKantha,36,36,469961,442942,912903,109955,67863,177818,19.48,District Panchayat
2021-02-28_11:33:36,Surat,36,34,496818,484416,981234,53606,31352,84958,8.66,District Panchayat
2021-02-28_11:33:36,Surendranagar,34,32,426424,381862,808286,50456,17069,67525,8.35,District Panchayat
2021-02-28_11:33:36,Tapi,26,26,286594,298827,585421,39640,31216,70856,12.10,District Panchayat
2021-02-28_11:33:36,TheDangs,18,16,82544,81642,164186,9443,5687,15130,9.22,District Panchayat
2021-02-28_11:33:36,Vadodara,34,34,496440,465390,961830,60641,35832,96473,10.03,District Panchayat
2021-02-28_11:33:36,Valsad,38,37,484869,466807,951676,54683,35358,90041,9.46,District Panchayat
2021-02-28_11:33:36,Ahmadabad,176,168,454975,418323,873298,57176,26363,83539,9.57,Taluka Panchayat
2021-02-28_11:33:36,Amreli,192,190,481639,446125,927764,95251,53215,148466,16.00,Taluka Panchayat
2021-02-28_11:33:36,Anand,196,195,626520,584808,1211328,83805,41197,125002,10.32,Taluka Panchayat
2021-02-28_11:33:36,Arvalli,128,125,368154,350994,719148,91505,59581,151086,21.01,Taluka Panchayat
2021-02-28_11:33:36,Bharuch,182,181,480358,446990,927348,66787,41885,108672,11.72,Taluka Panchayat
2021-02-28_11:33:36,Bhavnagar,210,204,590740,543431,1134171,88112,50276,138388,12.20,Taluka Panchayat
2021-02-28_11:33:36,Botad,78,74,191721,173802,365523,25930,12044,37974,10.39,Taluka Panchayat
2021-02-28_11:33:36,ChhotaUdaipur,140,114,392553,369603,762156,32220,18129,50349,6.61,Taluka Panchayat
2021-02-28_11:33:36,DevbhumiDwarka,80,75,207103,192161,399264,41400,19094,60494,15.15,Taluka Panchayat
2021-02-28_11:33:36,Dohad,238,213,656864,657837,1314701,67048,54554,121602,9.25,Taluka Panchayat
2021-02-28_11:33:36,Gandhinagar,80,79,270453,255137,525590,64281,41565,105846,20.14,Taluka Panchayat
2021-02-28_11:33:36,GirSomnath,128,128,360516,339611,700127,89371,62912,152283,21.75,Taluka Panchayat
2021-02-28_11:33:36,Jamnagar,112,111,279529,259594,539123,48684,22681,71365,13.24,Taluka Panchayat
2021-02-28_11:33:36,Junagadh,158,155,410567,376351,786918,78343,41827,120170,15.27,Taluka Panchayat
2021-02-28_11:33:36,Kachchh,204,200,545963,507021,1052984,104897,57759,162656,15.45,Taluka Panchayat
2021-02-28_11:33:36,Kheda,166,164,479824,449787,929611,123469,61102,184571,19.85,Taluka Panchayat
2021-02-28_11:33:36,Mahesana,216,206,659374,609297,1268671,118268,66057,184325,14.53,Taluka Panchayat
2021-02-28_11:33:36,Mahisagar,126,126,348235,328536,676771,54800,33795,88595,13.09,Taluka Panchayat
2021-02-28_11:33:36,Morbi,102,101,279274,258232,537506,77100,40860,117960,21.95,Taluka Panchayat
2021-02-28_11:33:36,Narmada,90,89,210704,204208,414912,28597,18402,46999,11.33,Taluka Panchayat
2021-02-28_11:33:36,Navsari,132,131,387723,389351,777074,75392,56389,131781,16.96,Taluka Panchayat
2021-02-28_11:33:36,PanchMahals,178,163,466180,438821,905001,55449,37268,92717,10.24,Taluka Panchayat
2021-02-28_11:33:36,Patan,170,165,449570,413348,862918,58962,29167,88129,10.21,Taluka Panchayat
2021-02-28_11:33:36,Porbandar,54,54,124573,115251,239824,14594,6890,21484,8.96,Taluka Panchayat
2021-02-28_11:33:36,Rajkot,202,197,492428,446988,939416,97574,51583,149157,15.88,Taluka Panchayat
2021-02-28_11:33:36,SabarKantha,172,172,469961,442942,912903,108912,69332,178244,19.52,Taluka Panchayat
2021-02-28_11:33:36,Surat,184,176,475930,463811,939741,66403,43616,110019,11.71,Taluka Panchayat
2021-02-28_11:33:36,Surendranagar,182,164,416756,373082,789838,57556,21862,79418,10.05,Taluka Panchayat
2021-02-28_11:33:36,Tapi,124,121,280467,292686,573153,39245,29279,68524,11.96,Taluka Panchayat
2021-02-28_11:33:36,TheDangs,48,47,89013,88272,177285,10529,6316,16845,9.50,Taluka Panchayat
2021-02-28_11:33:36,Vadodara,168,167,496439,465391,961830,61620,36678,98298,10.22,Taluka Panchayat
2021-02-28_11:33:36,Valsad,158,151,483232,465029,948261,63692,43307,106999,11.28,Taluka Panchayat
2021-02-28_11:33:36,Ahmadabad,24,24,68270,65462,133732,8017,5075,13092,9.79,Nagarpalika
2021-02-28_11:33:36,Amreli,39,39,110302,102978,213280,12762,7475,20237,9.49,Nagarpalika
2021-02-28_11:33:36,Anand,53,53,199223,192971,392194,30802,24223,55025,14.03,Nagarpalika
2021-02-28_11:33:36,Arvalli,15,15,34878,34489,69367,8488,6520,15008,21.64,Nagarpalika
2021-02-28_11:33:36,BanasKantha,28,28,116630,107564,224194,23856,16751,40607,18.11,Nagarpalika
2021-02-28_11:33:36,Bharuch,33,33,134465,130222,264687,16455,14630,31085,11.74,Nagarpalika
2021-02-28_11:33:36,Bhavnagar,24,24,67987,64177,132164,13864,9933,23797,18.01,Nagarpalika
2021-02-28_11:33:36,Botad,17,17,62086,58158,120244,12774,8241,21015,17.48,Nagarpalika
2021-02-28_11:33:36,DevbhumiDwarka,13,13,24848,23388,48236,5886,4358,10244,21.24,Nagarpalika
2021-02-28_11:33:36,Dohad,9,9,43099,42797,85896,8589,6862,15451,17.99,Nagarpalika
2021-02-28_11:33:36,Gandhinagar,18,18,67142,63821,130963,16783,12498,29281,22.36,Nagarpalika
2021-02-28_11:33:36,GirSomnath,32,28,102302,98670,200972,19957,15191,35148,17.49,Nagarpalika
2021-02-28_11:33:36,Jamnagar,7,7,10501,9981,20482,2762,2625,5387,26.30,Nagarpalika
2021-02-28_11:33:36,Junagadh,9,9,31920,29712,61632,6605,4350,10955,17.77,Nagarpalika
2021-02-28_11:33:36,Kachchh,49,48,223899,205551,429450,34096,22346,56442,13.14,Nagarpalika
2021-02-28_11:33:36,Kheda,38,38,139308,136416,275724,27139,21884,49023,17.78,Nagarpalika
2021-02-28_11:33:36,Mahesana,38,33,146205,137568,283773,27545,20946,48491,17.09,Nagarpalika
2021-02-28_11:33:36,Morbi,26,26,99200,91592,190792,21776,12506,34282,17.97,Nagarpalika
2021-02-28_11:33:36,Narmada,7,7,14435,14979,29414,1580,961,2541,8.64,Nagarpalika
2021-02-28_11:33:36,Navsari,19,19,122774,114496,237270,10690,5304,15994,6.74,Nagarpalika
2021-02-28_11:33:36,PanchMahals,17,17,65658,63394,129052,15025,11363,26388,20.45,Nagarpalika
2021-02-28_11:33:36,Patan,20,20,87861,82086,169947,19603,14734,34337,20.20,Nagarpalika
2021-02-28_11:33:36,Porbandar,13,13,94793,90435,185228,14538,9462,24000,12.96,Nagarpalika
2021-02-28_11:33:36,Rajkot,11,11,46389,43265,89654,8068,5010,13078,14.59,Nagarpalika
2021-02-28_11:33:36,SabarKantha,15,15,39922,38700,78622,9394,6902,16296,20.73,Nagarpalika
2021-02-28_11:33:36,Surat,29,29,54734,48680,103414,10947,8184,19131,18.50,Nagarpalika
2021-02-28_11:33:36,Surendranagar,41,39,162569,151850,314419,27868,17562,45430,14.45,Nagarpalika
2021-02-28_11:33:36,Tapi,7,7,16206,16471,32677,1722,1131,2853,8.73,Nagarpalika
2021-02-28_11:33:36,Vadodara,22,21,45406,44084,89490,10783,9056,19839,22.17,Nagarpalika
2021-02-28_11:33:36,Valsad,7,7,12159,9820,21979,2822,1953,4775,21.73,Nagarpalika
