2021-02-28_09:53:53,Ahmadabad,34,12,437129,401107,838236,21931,10789,32720,3.90,District Panchayat
2021-02-28_09:53:53,Amreli,34,23,487298,451365,938663,36983,12606,49589,5.28,District Panchayat
2021-02-28_09:53:53,Anand,42,18,628845,586894,1215739,25657,8999,34656,2.85,District Panchayat
2021-02-28_09:53:53,Arvalli,30,26,376844,359118,735962,31119,15309,46428,6.31,District Panchayat
2021-02-28_09:53:53,Bharuch,34,6,468837,435571,904408,4866,2573,7439,0.82,District Panchayat
2021-02-28_09:53:53,Bhavnagar,40,30,603309,554664,1157973,47457,23304,70761,6.11,District Panchayat
2021-02-28_09:53:53,Botad,20,6,132592,117981,250573,6150,2509,8659,3.46,District Panchayat
2021-02-28_09:53:53,ChhotaUdaipur,32,6,392553,369603,762156,7932,4800,12732,1.67,District Panchayat
2021-02-28_09:53:53,DevbhumiDwarka,22,8,207700,192898,400598,8645,2815,11460,2.86,District Panchayat
2021-02-28_09:53:53,Dohad,50,14,670243,671292,1341535,17186,12786,29972,2.23,District Panchayat
2021-02-28_09:53:53,Gandhinagar,28,28,366066,346877,712943,44438,22280,66718,9.36,District Panchayat
2021-02-28_09:53:53,GirSomnath,28,28,360516,339611,700127,39378,20687,60065,8.58,District Panchayat
2021-02-28_09:53:53,Jamnagar,24,16,281592,261459,543051,25701,10087,35788,6.59,District Panchayat
2021-02-28_09:53:53,Junagadh,30,19,404115,370824,774939,31382,11128,42510,5.49,District Panchayat
2021-02-28_09:53:53,Kachchh,40,38,557441,517942,1075383,56894,22434,79328,7.38,District Panchayat
2021-02-28_09:53:53,Mahesana,42,13,673866,623203,1297069,25280,12523,37803,2.91,District Panchayat
2021-02-28_09:53:53,Mahisagar,28,17,348235,328536,676771,15669,6422,22091,3.26,District Panchayat
2021-02-28_09:53:53,Morbi,24,24,281342,260224,541566,37754,13238,50992,9.42,District Panchayat
2021-02-28_09:53:53,Narmada,22,3,210704,204208,414912,3434,1945,5379,1.30,District Panchayat
2021-02-28_09:53:53,Navsari,30,26,387723,389351,777074,34976,20311,55287,7.11,District Panchayat
2021-02-28_09:53:53,PanchMahals,38,19,460474,433704,894178,24017,13660,37677,4.21,District Panchayat
2021-02-28_09:53:53,Patan,32,24,461883,424727,886610,34957,15246,50203,5.66,District Panchayat
2021-02-28_09:53:53,Porbandar,18,8,124573,115251,239824,4989,1800,6789,2.83,District Panchayat
2021-02-28_09:53:53,Rajkot,36,23,503482,456937,960419,33856,12152,46008,4.79,District Panchayat
2021-02-28_09:53:53,SabarKantha,36,19,469961,442942,912903,26635,13346,39981,4.38,District Panchayat
2021-02-28_09:53:53,Surat,36,18,496818,484416,981234,26380,13562,39942,4.07,District Panchayat
2021-02-28_09:53:53,Surendranagar,34,9,426424,381862,808286,13867,5009,18876,2.34,District Panchayat
2021-02-28_09:53:53,Tapi,26,14,286594,298827,585421,18146,14833,32979,5.63,District Panchayat
2021-02-28_09:53:53,TheDangs,18,0,82544,81642,164186,0,0,0,0.00,District Panchayat
2021-02-28_09:53:53,Vadodara,34,16,496440,465390,961830,23267,11252,34519,3.59,District Panchayat
2021-02-28_09:53:53,Valsad,38,25,484869,466807,951676,30895,20268,51163,5.38,District Panchayat
2021-02-28_09:53:53,Ahmadabad,176,102,454975,418323,873298,34065,15767,49832,5.71,Taluka Panchayat
2021-02-28_09:53:53,Amreli,192,138,487298,451365,938663,40091,14548,54639,5.82,Taluka Panchayat
2021-02-28_09:53:53,Anand,196,132,626520,584808,1211328,38980,14698,53678,4.43,Taluka Panchayat
2021-02-28_09:53:53,Arvalli,128,104,368154,350994,719148,29057,14275,43332,6.03,Taluka Panchayat
2021-02-28_09:53:53,Bharuch,182,77,480358,446990,927348,16170,8511,24681,2.66,Taluka Panchayat
2021-02-28_09:53:53,Bhavnagar,210,177,590740,543431,1134171,52442,26110,78552,6.93,Taluka Panchayat
2021-02-28_09:53:53,Botad,78,35,191721,173802,365523,7997,2995,10992,3.01,Taluka Panchayat
2021-02-28_09:53:53,ChhotaUdaipur,140,41,392553,369603,762156,12461,7186,19647,2.58,Taluka Panchayat
2021-02-28_09:53:53,DevbhumiDwarka,80,51,207103,192161,399264,15489,6037,21526,5.39,Taluka Panchayat
2021-02-28_09:53:53,Dohad,238,120,656863,657838,1314701,33418,24956,58374,4.44,Taluka Panchayat
2021-02-28_09:53:53,Gandhinagar,80,43,270453,255137,525590,16508,9449,25957,4.94,Taluka Panchayat
2021-02-28_09:53:53,GirSomnath,128,127,360516,339611,700127,39077,20615,59692,8.53,Taluka Panchayat
2021-02-28_09:53:53,Jamnagar,112,89,279529,259594,539123,31099,12205,43304,8.03,Taluka Panchayat
2021-02-28_09:53:53,Junagadh,158,104,410567,376351,786918,36081,15905,51986,6.61,Taluka Panchayat
2021-02-28_09:53:53,Kachchh,204,194,545963,507021,1052984,57862,23050,80912,7.68,Taluka Panchayat
2021-02-28_09:53:53,Kheda,166,149,479824,449787,929611,42149,13398,55547,5.98,Taluka Panchayat
2021-02-28_09:53:53,Mahesana,216,93,659374,609297,1268671,31351,15275,46626,3.68,Taluka Panchayat
2021-02-28_09:53:53,Mahisagar,126,80,348235,328536,676771,15669,6422,22091,3.26,Taluka Panchayat
2021-02-28_09:53:53,Morbi,102,101,279129,258127,537256,37461,13131,50592,9.42,Taluka Panchayat
2021-02-28_09:53:53,Narmada,90,39,210704,204208,414912,11072,7593,18665,4.50,Taluka Panchayat
2021-02-28_09:53:53,Navsari,132,107,387723,389351,777074,34537,20165,54702,7.04,Taluka Panchayat
2021-02-28_09:53:53,PanchMahals,178,95,466180,438821,905001,22309,12216,34525,3.81,Taluka Panchayat
2021-02-28_09:53:53,Patan,170,123,449570,413348,862918,33954,14812,48766,5.65,Taluka Panchayat
2021-02-28_09:53:53,Porbandar,54,24,124573,115251,239824,3766,1414,5180,2.16,Taluka Panchayat
2021-02-28_09:53:53,Rajkot,202,140,492428,446988,939416,40089,14093,54182,5.77,Taluka Panchayat
2021-02-28_09:53:53,SabarKantha,172,128,469961,442942,912903,40852,19320,60172,6.59,Taluka Panchayat
2021-02-28_09:53:53,Surat,184,116,475930,463811,939741,30235,15214,45449,4.84,Taluka Panchayat
2021-02-28_09:53:53,Surendranagar,182,86,416756,373082,789838,26823,8851,35674,4.52,Taluka Panchayat
2021-02-28_09:53:53,Tapi,124,112,280467,292686,573153,29156,20050,49206,8.59,Taluka Panchayat
2021-02-28_09:53:53,TheDangs,48,17,89013,88272,177285,4058,2395,6453,3.64,Taluka Panchayat
2021-02-28_09:53:53,Vadodara,168,97,496439,465391,961830,22816,11157,33973,3.53,Taluka Panchayat
2021-02-28_09:53:53,Valsad,158,118,483232,465029,948261,39171,25432,64603,6.81,Taluka Panchayat
2021-02-28_09:53:53,Ahmadabad,24,15,68270,65462,133732,3314,1810,5124,3.83,Nagarpalika
2021-02-28_09:53:53,Amreli,39,30,110302,102978,213280,5616,2400,8016,3.76,Nagarpalika
2021-02-28_09:53:53,Anand,53,53,199229,192972,392201,16934,10287,27221,6.94,Nagarpalika
2021-02-28_09:53:53,Arvalli,15,15,34878,34489,69367,3051,1998,5049,7.28,Nagarpalika
2021-02-28_09:53:53,BanasKantha,28,17,116630,107564,224194,4949,2972,7921,3.53,Nagarpalika
2021-02-28_09:53:53,Bharuch,33,29,134465,130222,264687,7990,5652,13642,5.15,Nagarpalika
2021-02-28_09:53:53,Bhavnagar,24,24,67987,64177,132164,5391,3126,8517,6.44,Nagarpalika
2021-02-28_09:53:53,Botad,17,17,62086,58158,120244,4748,2449,7197,5.99,Nagarpalika
2021-02-28_09:53:53,DevbhumiDwarka,13,13,24848,23388,48236,2238,1215,3453,7.16,Nagarpalika
2021-02-28_09:53:53,Dohad,9,9,43099,42797,85896,3222,2208,5430,6.32,Nagarpalika
2021-02-28_09:53:53,Gandhinagar,18,18,67142,63821,130963,6843,4265,11108,8.48,Nagarpalika
2021-02-28_09:53:53,GirSomnath,32,28,102302,98670,200972,8022,4858,12880,6.41,Nagarpalika
2021-02-28_09:53:53,Jamnagar,7,7,10501,9981,20482,942,597,1539,7.51,Nagarpalika
2021-02-28_09:53:53,Junagadh,9,9,31920,29712,61632,2383,1242,3625,5.88,Nagarpalika
2021-02-28_09:53:53,Kachchh,49,48,223899,205551,429450,13998,7184,21182,4.93,Nagarpalika
2021-02-28_09:53:53,Kheda,38,23,139308,136416,275724,3536,2283,5819,2.11,Nagarpalika
2021-02-28_09:53:53,Mahesana,38,26,146205,137568,283773,8490,5892,14382,5.07,Nagarpalika
2021-02-28_09:53:53,Morbi,26,20,99200,91592,190792,8725,3804,12529,6.57,Nagarpalika
2021-02-28_09:53:53,Narmada,7,7,14435,14979,29414,1580,961,2541,8.64,Nagarpalika
2021-02-28_09:53:53,Navsari,19,19,122774,114496,237270,10690,5304,15994,6.74,Nagarpalika
2021-02-28_09:53:53,PanchMahals,17,17,65658,63394,129052,5933,3675,9608,7.45,Nagarpalika
2021-02-28_09:53:53,Patan,20,20,87861,82086,169947,7378,4633,12011,7.07,Nagarpalika
2021-02-28_09:53:53,Porbandar,13,13,94793,90435,185228,4943,2599,7542,4.07,Nagarpalika
2021-02-28_09:53:53,Rajkot,11,11,46389,43265,89654,2544,1504,4048,4.52,Nagarpalika
2021-02-28_09:53:53,SabarKantha,15,15,39922,38700,78622,3487,2070,5557,7.07,Nagarpalika
2021-02-28_09:53:53,Surat,29,29,54734,48680,103414,5009,2880,7889,7.63,Nagarpalika
2021-02-28_09:53:53,Surendranagar,41,31,162569,151850,314419,10486,4925,15411,4.90,Nagarpalika
2021-02-28_09:53:53,Tapi,7,7,16206,16471,32677,1722,1131,2853,8.73,Nagarpalika
2021-02-28_09:53:53,Vadodara,22,21,45406,44084,89490,4166,3016,7182,8.03,Nagarpalika
2021-02-28_09:53:53,Valsad,7,7,12159,9820,21979,1198,599,1797,8.18,Nagarpalika
