2021-02-28_14:05:31,Ahmadabad,34,31,437129,401107,838236,150922,101296,252218,30.09,District Panchayat
2021-02-28_14:05:31,Amreli,34,34,487298,451365,938663,173702,114736,288438,30.73,District Panchayat
2021-02-28_14:05:31,Anand,42,42,628845,586894,1215739,229852,159253,389105,32.01,District Panchayat
2021-02-28_14:05:31,Arvalli,30,30,376844,359118,735962,167335,131814,299149,40.65,District Panchayat
2021-02-28_14:05:31,Bharuch,34,33,468837,435571,904408,131023,103026,234049,25.88,District Panchayat
2021-02-28_14:05:31,Bhavnagar,40,40,603309,554664,1157973,249318,177838,427156,36.89,District Panchayat
2021-02-28_14:05:31,Botad,20,13,132592,117981,250573,46585,27933,74518,29.74,District Panchayat
2021-02-28_14:05:31,ChhotaUdaipur,32,32,392553,369603,762156,113613,98869,212482,27.88,District Panchayat
2021-02-28_14:05:31,DevbhumiDwarka,22,21,207700,192898,400598,94758,64955,159713,39.87,District Panchayat
2021-02-28_14:05:31,Dohad,50,50,670243,671292,1341535,212197,219542,431739,32.18,District Panchayat
2021-02-28_14:05:31,Gandhinagar,28,28,366066,346877,712943,172185,127899,300084,42.09,District Panchayat
2021-02-28_14:05:31,GirSomnath,28,28,360516,339611,700127,154654,128708,283362,40.47,District Panchayat
2021-02-28_14:05:31,Jamnagar,24,24,281592,261459,543051,98760,66228,164988,30.38,District Panchayat
2021-02-28_14:05:31,Junagadh,30,29,404115,370824,774939,161319,112721,274040,35.36,District Panchayat
2021-02-28_14:05:31,Kachchh,40,40,557441,517942,1075383,231928,176522,408450,37.98,District Panchayat
2021-02-28_14:05:31,Mahesana,42,41,673866,623203,1297069,264661,176505,441166,34.01,District Panchayat
2021-02-28_14:05:31,Mahisagar,28,28,348235,328536,676771,124399,103178,227577,33.63,District Panchayat
2021-02-28_14:05:31,Morbi,24,24,281342,260224,541566,132755,91283,224038,41.37,District Panchayat
2021-02-28_14:05:31,Narmada,22,22,210704,204208,414912,77140,66928,144068,34.72,District Panchayat
2021-02-28_14:05:31,Navsari,30,30,387723,389351,777074,170566,164011,334577,43.06,District Panchayat
2021-02-28_14:05:31,PanchMahals,38,34,460474,433704,894178,188828,170294,359122,40.16,District Panchayat
2021-02-28_14:05:31,Patan,32,32,461883,424727,886610,165838,112602,278440,31.41,District Panchayat
2021-02-28_14:05:31,Porbandar,18,18,124573,115251,239824,46193,29984,76177,31.76,District Panchayat
2021-02-28_14:05:31,Rajkot,36,36,503482,456937,960419,189270,122488,311758,32.46,District Panchayat
2021-02-28_14:05:31,SabarKantha,36,36,469961,442942,912903,189892,141074,330966,36.25,District Panchayat
2021-02-28_14:05:31,Surat,36,34,496818,484416,981234,186586,163508,350094,35.68,District Panchayat
2021-02-28_14:05:31,Surendranagar,34,32,426424,381862,808286,141087,85203,226290,28.00,District Panchayat
2021-02-28_14:05:31,Tapi,26,26,286594,298827,585421,126480,125327,251807,43.01,District Panchayat
2021-02-28_14:05:31,TheDangs,18,16,82544,81642,164186,45015,43720,88735,54.05,District Panchayat
2021-02-28_14:05:31,Vadodara,34,34,496440,465390,961830,190611,151419,342030,35.56,District Panchayat
2021-02-28_14:05:31,Valsad,38,37,484869,466807,951676,185941,170801,356742,37.49,District Panchayat
2021-02-28_14:05:31,Ahmadabad,176,168,454954,418321,873275,171441,118086,289527,33.15,Taluka Panchayat
2021-02-28_14:05:31,Amreli,192,190,481639,446125,927764,176498,117225,293723,31.66,Taluka Panchayat
2021-02-28_14:05:31,Anand,196,195,626520,584808,1211328,242666,165966,408632,33.73,Taluka Panchayat
2021-02-28_14:05:31,Arvalli,128,125,368154,350994,719148,163988,129648,293636,40.83,Taluka Panchayat
2021-02-28_14:05:31,Bharuch,182,181,480358,446990,927348,126571,100626,227197,24.50,Taluka Panchayat
2021-02-28_14:05:31,Bhavnagar,210,204,590740,543431,1134171,245808,175846,421654,37.18,Taluka Panchayat
2021-02-28_14:05:31,Botad,78,74,191721,173802,365523,67584,41045,108629,29.72,Taluka Panchayat
2021-02-28_14:05:31,ChhotaUdaipur,140,140,392553,369603,762156,130915,116653,247568,32.48,Taluka Panchayat
2021-02-28_14:05:31,DevbhumiDwarka,80,75,207103,192161,399264,94893,65060,159953,40.06,Taluka Panchayat
2021-02-28_14:05:31,Dohad,238,233,656864,657837,1314701,191155,196825,387980,29.51,Taluka Panchayat
2021-02-28_14:05:31,Gandhinagar,80,79,267035,251857,518892,128716,96585,225301,43.42,Taluka Panchayat
2021-02-28_14:05:31,GirSomnath,128,128,360516,339611,700127,156204,130178,286382,40.90,Taluka Panchayat
2021-02-28_14:05:31,Jamnagar,112,111,279529,259594,539123,116775,78647,195422,36.25,Taluka Panchayat
2021-02-28_14:05:31,Junagadh,158,154,410567,376351,786918,168237,117511,285748,36.31,Taluka Panchayat
2021-02-28_14:05:31,Kachchh,204,200,545963,507021,1052984,226874,172675,399549,37.94,Taluka Panchayat
2021-02-28_14:05:31,Kheda,166,164,479824,449787,929611,220176,146087,366263,39.40,Taluka Panchayat
2021-02-28_14:05:31,Mahesana,216,206,659374,609297,1268671,273450,184664,458114,36.11,Taluka Panchayat
2021-02-28_14:05:31,Mahisagar,126,126,348235,328536,676771,133243,112090,245333,36.25,Taluka Panchayat
2021-02-28_14:05:31,Morbi,102,101,279274,258232,537506,131916,90606,222522,41.40,Taluka Panchayat
2021-02-28_14:05:31,Narmada,90,90,210704,204208,414912,74568,65300,139868,33.71,Taluka Panchayat
2021-02-28_14:05:31,Navsari,132,131,387723,389351,777074,160049,151749,311798,40.12,Taluka Panchayat
2021-02-28_14:05:31,PanchMahals,178,163,466180,438821,905001,177028,157075,334103,36.92,Taluka Panchayat
2021-02-28_14:05:31,Patan,170,165,449570,413348,862918,171235,118645,289880,33.59,Taluka Panchayat
2021-02-28_14:05:31,Porbandar,54,54,124573,115251,239824,46193,29984,76177,31.76,Taluka Panchayat
2021-02-28_14:05:31,Rajkot,202,197,492428,446988,939416,160522,103420,263942,28.10,Taluka Panchayat
2021-02-28_14:05:31,SabarKantha,172,172,469961,442942,912903,205694,156389,362083,39.66,Taluka Panchayat
2021-02-28_14:05:31,Surat,184,176,475930,463811,939741,173381,157224,330605,35.18,Taluka Panchayat
2021-02-28_14:05:31,Surendranagar,182,164,416756,373082,789838,158653,101097,259750,32.89,Taluka Panchayat
2021-02-28_14:05:31,Tapi,124,121,280467,292686,573153,119778,117170,236948,41.34,Taluka Panchayat
2021-02-28_14:05:31,TheDangs,48,47,89013,88272,177285,46658,44472,91130,51.40,Taluka Panchayat
2021-02-28_14:05:31,Vadodara,168,167,496439,465391,961830,176684,139215,315899,32.84,Taluka Panchayat
2021-02-28_14:05:31,Valsad,158,152,483232,465029,948261,160043,142974,303017,31.96,Taluka Panchayat
2021-02-28_14:05:31,Ahmadabad,24,24,68270,65462,133732,27262,22288,49550,37.05,Nagarpalika
2021-02-28_14:05:31,Amreli,39,39,110302,102978,213280,35693,27640,63333,29.69,Nagarpalika
2021-02-28_14:05:31,Anand,53,53,199223,192971,392194,74542,62367,136909,34.91,Nagarpalika
2021-02-28_14:05:31,Arvalli,15,15,34878,34489,69367,14284,11512,25796,37.19,Nagarpalika
2021-02-28_14:05:31,BanasKantha,28,28,116630,107564,224194,39410,29755,69165,30.85,Nagarpalika
2021-02-28_14:05:31,Bharuch,33,33,134465,130222,264687,42879,36960,79839,30.16,Nagarpalika
2021-02-28_14:05:31,Bhavnagar,24,24,67987,64177,132164,23714,19678,43392,32.83,Nagarpalika
2021-02-28_14:05:31,Botad,17,17,62086,58158,120244,20316,14932,35248,29.31,Nagarpalika
2021-02-28_14:05:31,DevbhumiDwarka,13,13,24848,23388,48236,9367,8015,17382,36.04,Nagarpalika
2021-02-28_14:05:31,Dohad,9,9,43099,42797,85896,13955,12123,26078,30.36,Nagarpalika
2021-02-28_14:05:31,Gandhinagar,18,18,67142,63821,130963,26392,20985,47377,36.18,Nagarpalika
2021-02-28_14:05:31,GirSomnath,32,28,102302,98670,200972,35847,30521,66368,33.02,Nagarpalika
2021-02-28_14:05:31,Jamnagar,7,7,10501,9981,20482,4584,4455,9039,44.13,Nagarpalika
2021-02-28_14:05:31,Junagadh,9,9,31920,29712,61632,10554,8272,18826,30.55,Nagarpalika
2021-02-28_14:05:31,Kachchh,49,48,223899,205551,429450,62660,48617,111277,25.91,Nagarpalika
2021-02-28_14:05:31,Kheda,38,38,139308,136416,275724,47919,41208,89127,32.32,Nagarpalika
2021-02-28_14:05:31,Mahesana,38,33,146205,137568,283773,54526,43310,97836,34.48,Nagarpalika
2021-02-28_14:05:31,Morbi,26,26,99200,91592,190792,38173,25932,64105,33.60,Nagarpalika
2021-02-28_14:05:31,Narmada,7,7,14435,14979,29414,1855,2074,3929,13.36,Nagarpalika
2021-02-28_14:05:31,Navsari,19,19,122774,114496,237270,27809,19373,47182,19.89,Nagarpalika
2021-02-28_14:05:31,PanchMahals,17,17,65658,63394,129052,24287,20294,44581,34.54,Nagarpalika
2021-02-28_14:05:31,Patan,20,20,87861,82086,169947,31432,24508,55940,32.92,Nagarpalika
2021-02-28_14:05:31,Porbandar,13,13,94793,90435,185228,25411,19502,44913,24.25,Nagarpalika
2021-02-28_14:05:31,Rajkot,11,11,46389,43265,89654,13494,10247,23741,26.48,Nagarpalika
2021-02-28_14:05:31,SabarKantha,15,15,39922,38700,78622,14873,11874,26747,34.02,Nagarpalika
2021-02-28_14:05:31,Surat,29,29,54734,48680,103414,20943,17584,38527,37.26,Nagarpalika
2021-02-28_14:05:31,Surendranagar,41,39,162569,151850,314419,55442,40000,95442,30.36,Nagarpalika
2021-02-28_14:05:31,Tapi,7,7,16206,16471,32677,6565,6475,13040,39.91,Nagarpalika
2021-02-28_14:05:31,Vadodara,22,21,45406,44084,89490,17840,16358,34198,38.21,Nagarpalika
2021-02-28_14:05:31,Valsad,7,7,12159,9820,21979,4528,3720,8248,37.53,Nagarpalika
