2021-02-28_19:10:56,Ahmadabad,34,31,437129,401107,838236,308015,258605,566620,67.60,District Panchayat
2021-02-28_19:10:56,Amreli,34,34,487298,451365,938663,275022,223513,498535,53.11,District Panchayat
2021-02-28_19:10:56,Anand,42,42,628845,586894,1215739,423962,368790,792752,65.21,District Panchayat
2021-02-28_19:10:56,Arvalli,30,30,376844,359118,735962,252125,229711,481836,65.47,District Panchayat
2021-02-28_19:10:56,Bharuch,34,33,468846,435562,904408,262673,231924,494597,54.69,District Panchayat
2021-02-28_19:10:56,Bhavnagar,40,40,603310,554663,1157973,362306,296143,658449,56.86,District Panchayat
2021-02-28_19:10:56,Botad,20,13,132592,117981,250573,77197,60952,138149,55.13,District Panchayat
2021-02-28_19:10:56,ChhotaUdaipur,32,32,392553,369603,762156,235311,219324,454635,59.65,District Panchayat
2021-02-28_19:10:56,DevbhumiDwarka,22,21,207700,192898,400598,143472,114715,258187,64.45,District Panchayat
2021-02-28_19:10:56,Dohad,50,50,670243,671292,1341535,366530,364513,731043,54.49,District Panchayat
2021-02-28_19:10:56,Gandhinagar,28,28,366066,346877,712943,259638,226396,486034,68.17,District Panchayat
2021-02-28_19:10:56,GirSomnath,28,28,360516,339611,700127,230886,208928,439814,62.82,District Panchayat
2021-02-28_19:10:56,Jamnagar,24,24,281592,261459,543051,183026,150407,333433,61.40,District Panchayat
2021-02-28_19:10:56,Junagadh,30,29,404115,370824,774939,255194,206026,461220,59.52,District Panchayat
2021-02-28_19:10:56,Kachchh,40,40,557441,517942,1075383,339545,297633,637178,59.25,District Panchayat
2021-02-28_19:10:56,Mahesana,42,41,673866,623203,1297069,442663,380369,823032,63.45,District Panchayat
2021-02-28_19:10:56,Mahisagar,28,28,348235,328536,676771,216962,202505,419467,61.98,District Panchayat
2021-02-28_19:10:56,Morbi,24,24,281342,260224,541566,193274,162830,356104,65.75,District Panchayat
2021-02-28_19:10:56,Narmada,22,22,210704,204208,414912,156908,151233,308141,74.27,District Panchayat
2021-02-28_19:10:56,Navsari,30,30,387723,389351,777074,263767,264259,528026,67.95,District Panchayat
2021-02-28_19:10:56,PanchMahals,38,34,460474,433704,894178,277426,261543,538969,60.28,District Panchayat
2021-02-28_19:10:56,Patan,32,32,461883,424727,886610,298712,257879,556591,62.78,District Panchayat
2021-02-28_19:10:56,Porbandar,18,18,124573,115251,239824,71214,54967,126181,52.61,District Panchayat
2021-02-28_19:10:56,Rajkot,36,36,503482,456937,960419,288234,221005,509239,53.02,District Panchayat
2021-02-28_19:10:56,SabarKantha,36,36,469961,442942,912903,324708,288513,613221,67.17,District Panchayat
2021-02-28_19:10:56,Surat,36,34,496818,484416,981234,310307,290046,600353,61.18,District Panchayat
2021-02-28_19:10:56,Surendranagar,34,32,426424,381862,808286,264060,209738,473798,58.62,District Panchayat
2021-02-28_19:10:56,Tapi,26,26,286594,298827,585421,207514,210696,418210,71.44,District Panchayat
2021-02-28_19:10:56,TheDangs,18,16,82544,81642,164186,58437,58402,116839,71.16,District Panchayat
2021-02-28_19:10:56,Vadodara,34,34,496440,465390,961830,346685,314422,661107,68.73,District Panchayat
2021-02-28_19:10:56,Valsad,38,37,484866,466810,951676,309902,299633,609535,64.05,District Panchayat
2021-02-28_19:10:56,Ahmadabad,176,168,454975,418323,873298,320942,269424,590366,67.60,Taluka Panchayat
2021-02-28_19:10:56,Amreli,192,190,481639,446125,927764,269001,220507,489508,52.76,Taluka Panchayat
2021-02-28_19:10:56,Anand,196,195,626520,584808,1211328,415949,360523,776472,64.10,Taluka Panchayat
2021-02-28_19:10:56,Arvalli,128,125,368154,350994,719148,254044,230311,484355,67.35,Taluka Panchayat
2021-02-28_19:10:56,Bharuch,182,181,480367,446981,927348,297082,262244,559326,60.31,Taluka Panchayat
2021-02-28_19:10:56,Bhavnagar,210,204,590741,543430,1134171,357677,292614,650291,57.34,Taluka Panchayat
2021-02-28_19:10:56,Botad,78,74,191721,173802,365523,109055,86405,195460,53.47,Taluka Panchayat
2021-02-28_19:10:56,ChhotaUdaipur,140,140,392553,369603,762156,232119,217186,449305,58.95,Taluka Panchayat
2021-02-28_19:10:56,DevbhumiDwarka,80,75,207103,192161,399264,145611,116204,261815,65.57,Taluka Panchayat
2021-02-28_19:10:56,Dohad,238,233,656864,657837,1314701,397857,400927,798784,60.76,Taluka Panchayat
2021-02-28_19:10:56,Gandhinagar,80,79,267035,251857,518892,193825,167690,361515,69.67,Taluka Panchayat
2021-02-28_19:10:56,GirSomnath,128,128,360516,339611,700127,230828,208918,439746,62.81,Taluka Panchayat
2021-02-28_19:10:56,Jamnagar,112,111,279529,259594,539123,178469,145777,324246,60.14,Taluka Panchayat
2021-02-28_19:10:56,Junagadh,158,155,410567,376351,786918,258221,208275,466496,59.28,Taluka Panchayat
2021-02-28_19:10:56,Kachchh,204,200,545963,507021,1052984,335037,293470,628507,59.69,Taluka Panchayat
2021-02-28_19:10:56,Kheda,166,164,479824,449787,929611,333146,286642,619788,66.67,Taluka Panchayat
2021-02-28_19:10:56,Mahesana,216,206,659374,609297,1268671,443755,381851,825606,65.08,Taluka Panchayat
2021-02-28_19:10:56,Mahisagar,126,126,348235,328536,676771,217029,202534,419563,61.99,Taluka Panchayat
2021-02-28_19:10:56,Morbi,102,101,279274,258232,537506,191571,161346,352917,65.66,Taluka Panchayat
2021-02-28_19:10:56,Narmada,90,90,210704,204208,414912,153848,148909,302757,72.97,Taluka Panchayat
2021-02-28_19:10:56,Navsari,132,131,385274,386937,772211,262261,262733,524994,67.99,Taluka Panchayat
2021-02-28_19:10:56,PanchMahals,178,163,466180,438821,905001,286187,268325,554512,61.27,Taluka Panchayat
2021-02-28_19:10:56,Patan,170,165,449570,413348,862918,292817,253182,545999,63.27,Taluka Panchayat
2021-02-28_19:10:56,Porbandar,54,54,124573,115251,239824,74502,57850,132352,55.19,Taluka Panchayat
2021-02-28_19:10:56,Rajkot,202,197,492428,446988,939416,314370,247563,561933,59.82,Taluka Panchayat
2021-02-28_19:10:56,SabarKantha,172,172,469961,442942,912903,324708,288513,613221,67.17,Taluka Panchayat
2021-02-28_19:10:56,Surat,184,176,475930,463811,939741,319863,300161,620024,65.98,Taluka Panchayat
2021-02-28_19:10:56,Surendranagar,182,164,416756,373082,789838,264880,210667,475547,60.21,Taluka Panchayat
2021-02-28_19:10:56,Tapi,124,121,280467,292686,573153,203884,206974,410858,71.68,Taluka Panchayat
2021-02-28_19:10:56,TheDangs,48,47,89013,88272,177285,63561,63802,127363,71.84,Taluka Panchayat
2021-02-28_19:10:56,Vadodara,168,167,496439,465391,961830,324406,295345,619751,64.43,Taluka Panchayat
2021-02-28_19:10:56,Valsad,158,152,483232,465029,948261,308443,297362,605805,63.89,Taluka Panchayat
2021-02-28_19:10:56,Ahmadabad,24,24,68270,65462,133732,43887,37602,81489,60.93,Nagarpalika
2021-02-28_19:10:56,Amreli,39,39,110302,102978,213280,61519,50182,111701,52.37,Nagarpalika
2021-02-28_19:10:56,Anand,53,53,199223,192971,392194,119656,107572,227228,57.94,Nagarpalika
2021-02-28_19:10:56,Arvalli,15,15,34878,34489,69367,22917,21137,44054,63.51,Nagarpalika
2021-02-28_19:10:56,BanasKantha,28,28,116630,107564,224194,67725,58098,125823,56.12,Nagarpalika
2021-02-28_19:10:56,Bharuch,33,33,134465,130222,264687,72973,67650,140623,53.13,Nagarpalika
2021-02-28_19:10:56,Bhavnagar,24,24,67987,64177,132164,39785,34055,73840,55.87,Nagarpalika
2021-02-28_19:10:56,Botad,17,17,62086,58158,120244,33799,27755,61554,51.19,Nagarpalika
2021-02-28_19:10:56,DevbhumiDwarka,13,13,24848,23388,48236,16030,13542,29572,61.31,Nagarpalika
2021-02-28_19:10:56,Dohad,9,9,43099,42797,85896,23823,22266,46089,53.66,Nagarpalika
2021-02-28_19:10:56,Gandhinagar,18,18,67142,63821,130963,40819,35724,76543,58.45,Nagarpalika
2021-02-28_19:10:56,GirSomnath,32,28,102302,98670,200972,63036,55618,118654,59.04,Nagarpalika
2021-02-28_19:10:56,Jamnagar,7,7,10501,9981,20482,6515,6491,13006,63.50,Nagarpalika
2021-02-28_19:10:56,Junagadh,9,9,31920,29712,61632,17021,13972,30993,50.29,Nagarpalika
2021-02-28_19:10:56,Kachchh,49,48,223899,205551,429450,107163,91690,198853,46.30,Nagarpalika
2021-02-28_19:10:56,Kheda,38,38,139308,136416,275724,80756,73863,154619,56.08,Nagarpalika
2021-02-28_19:10:56,Mahesana,38,33,146205,137568,283773,88670,76858,165528,58.33,Nagarpalika
2021-02-28_19:10:56,Morbi,26,26,99200,91592,190792,54014,43694,97708,51.21,Nagarpalika
2021-02-28_19:10:56,Narmada,7,7,14435,14979,29414,1684,1697,3381,11.49,Nagarpalika
2021-02-28_19:10:56,Navsari,19,19,122774,114496,237270,69348,61604,130952,55.19,Nagarpalika
2021-02-28_19:10:56,PanchMahals,17,17,65658,63394,129052,40521,35768,76289,59.11,Nagarpalika
2021-02-28_19:10:56,Patan,20,20,87861,82086,169947,50774,43807,94581,55.65,Nagarpalika
2021-02-28_19:10:56,Porbandar,13,13,94793,90435,185228,48596,40725,89321,48.22,Nagarpalika
2021-02-28_19:10:56,Rajkot,11,11,46389,43265,89654,23356,18315,41671,46.48,Nagarpalika
2021-02-28_19:10:56,SabarKantha,15,15,39922,38700,78622,23164,19830,42994,54.68,Nagarpalika
2021-02-28_19:10:56,Surat,29,29,54734,48680,103414,33887,29148,63035,60.95,Nagarpalika
2021-02-28_19:10:56,Surendranagar,41,39,162569,151850,314419,89193,73537,162730,51.76,Nagarpalika
2021-02-28_19:10:56,Tapi,7,7,16206,16471,32677,11663,11231,22894,70.06,Nagarpalika
2021-02-28_19:10:56,Vadodara,22,21,45406,44084,89490,32073,29522,61595,68.83,Nagarpalika
2021-02-28_19:10:56,Valsad,7,7,12159,9820,21979,7763,6613,14376,65.41,Nagarpalika
