2021-02-28_10:24:54,Ahmadabad,34,26,437129,401107,838236,44669,20347,65016,7.76,District Panchayat
2021-02-28_10:24:54,Amreli,34,32,487298,451365,938663,49948,18569,68517,7.30,District Panchayat
2021-02-28_10:24:54,Anand,42,42,628845,586894,1215739,56622,20709,77331,6.36,District Panchayat
2021-02-28_10:24:54,Arvalli,30,30,376844,359118,735962,35632,17808,53440,7.26,District Panchayat
2021-02-28_10:24:54,Bharuch,34,23,468837,435571,904408,31247,16147,47394,5.24,District Panchayat
2021-02-28_10:24:54,Bhavnagar,40,40,603309,554664,1157973,64419,32065,96484,8.33,District Panchayat
2021-02-28_10:24:54,Botad,20,13,132592,117981,250573,12743,4849,17592,7.02,District Panchayat
2021-02-28_10:24:54,ChhotaUdaipur,32,20,392553,369603,762156,24926,14276,39202,5.14,District Panchayat
2021-02-28_10:24:54,DevbhumiDwarka,22,21,207700,192898,400598,25767,9158,34925,8.72,District Panchayat
2021-02-28_10:24:54,Dohad,50,47,670243,671292,1341535,58622,45429,104051,7.76,District Panchayat
2021-02-28_10:24:54,Gandhinagar,28,28,366066,346877,712943,44438,22280,66718,9.36,District Panchayat
2021-02-28_10:24:54,GirSomnath,28,28,360516,339611,700127,39378,20687,60065,8.58,District Panchayat
2021-02-28_10:24:54,Jamnagar,24,20,281592,261459,543051,33170,12974,46144,8.50,District Panchayat
2021-02-28_10:24:54,Junagadh,30,29,404115,370824,774939,48772,17755,66527,8.58,District Panchayat
2021-02-28_10:24:54,Kachchh,40,40,557441,517942,1075383,60169,24133,84302,7.84,District Panchayat
2021-02-28_10:24:54,Mahesana,42,31,673866,623203,1297069,59470,28091,87561,6.75,District Panchayat
2021-02-28_10:24:54,Mahisagar,28,27,348235,328536,676771,25471,11824,37295,5.51,District Panchayat
2021-02-28_10:24:54,Morbi,24,24,281342,260224,541566,37754,13238,50992,9.42,District Panchayat
2021-02-28_10:24:54,Narmada,22,15,210704,204208,414912,19738,12451,32189,7.76,District Panchayat
2021-02-28_10:24:54,Navsari,30,30,387723,389351,777074,42039,24404,66443,8.55,District Panchayat
2021-02-28_10:24:54,PanchMahals,38,34,460474,433704,894178,39827,22989,62816,7.02,District Panchayat
2021-02-28_10:24:54,Patan,32,28,461883,424727,886610,42497,18639,61136,6.90,District Panchayat
2021-02-28_10:24:54,Porbandar,18,8,124573,115251,239824,4989,1800,6789,2.83,District Panchayat
2021-02-28_10:24:54,Rajkot,36,26,503482,456937,960419,38012,13667,51679,5.38,District Panchayat
2021-02-28_10:24:54,SabarKantha,36,34,469961,442942,912903,48452,24289,72741,7.97,District Panchayat
2021-02-28_10:24:54,Surat,36,25,496818,484416,981234,34039,17227,51266,5.22,District Panchayat
2021-02-28_10:24:54,Surendranagar,34,25,426424,381862,808286,42638,14069,56707,7.02,District Panchayat
2021-02-28_10:24:54,Tapi,26,14,286594,298827,585421,18146,14833,32979,5.63,District Panchayat
2021-02-28_10:24:54,TheDangs,18,16,82544,81642,164186,9443,5687,15130,9.22,District Panchayat
2021-02-28_10:24:54,Vadodara,34,27,496440,465390,961830,37672,18636,56308,5.85,District Panchayat
2021-02-28_10:24:54,Valsad,38,36,484867,466809,951676,52517,34186,86703,9.11,District Panchayat
2021-02-28_10:24:54,Ahmadabad,176,156,454975,418323,873298,49677,22234,71911,8.23,Taluka Panchayat
2021-02-28_10:24:54,Amreli,192,190,481639,446125,927764,53662,19905,73567,7.93,Taluka Panchayat
2021-02-28_10:24:54,Anand,196,179,626520,584808,1211328,51808,19834,71642,5.91,Taluka Panchayat
2021-02-28_10:24:54,Arvalli,128,125,368154,350994,719148,34774,17565,52339,7.28,Taluka Panchayat
2021-02-28_10:24:54,Bharuch,182,123,480358,446990,927348,28338,14688,43026,4.64,Taluka Panchayat
2021-02-28_10:24:54,Bhavnagar,210,204,590740,543431,1134171,63628,31808,95436,8.41,Taluka Panchayat
2021-02-28_10:24:54,Botad,78,74,191721,173802,365523,18115,6885,25000,6.84,Taluka Panchayat
2021-02-28_10:24:54,ChhotaUdaipur,140,92,392553,369603,762156,26361,15110,41471,5.44,Taluka Panchayat
2021-02-28_10:24:54,DevbhumiDwarka,80,58,207103,192161,399264,18467,6858,25325,6.34,Taluka Panchayat
2021-02-28_10:24:54,Dohad,238,197,656864,657837,1314701,56564,43398,99962,7.60,Taluka Panchayat
2021-02-28_10:24:54,Gandhinagar,80,79,270453,255137,525590,32349,16279,48628,9.25,Taluka Panchayat
2021-02-28_10:24:54,GirSomnath,128,128,360516,339611,700127,39379,20677,60056,8.58,Taluka Panchayat
2021-02-28_10:24:54,Jamnagar,112,111,279529,259594,539123,38736,15167,53903,10.00,Taluka Panchayat
2021-02-28_10:24:54,Junagadh,158,155,410567,376351,786918,49413,17996,67409,8.57,Taluka Panchayat
2021-02-28_10:24:54,Kachchh,204,200,545963,507021,1052984,59029,23601,82630,7.85,Taluka Panchayat
2021-02-28_10:24:54,Kheda,166,164,479824,449787,929611,45690,14749,60439,6.50,Taluka Panchayat
2021-02-28_10:24:54,Mahesana,216,189,659374,609297,1268671,70478,33208,103686,8.17,Taluka Panchayat
2021-02-28_10:24:54,Mahisagar,126,126,348235,328536,676771,26007,12160,38167,5.64,Taluka Panchayat
2021-02-28_10:24:54,Morbi,102,101,279274,258232,537506,37461,13134,50595,9.41,Taluka Panchayat
2021-02-28_10:24:54,Narmada,90,87,210704,204208,414912,26427,16285,42712,10.29,Taluka Panchayat
2021-02-28_10:24:54,Navsari,132,131,387723,389351,777074,41757,24273,66030,8.50,Taluka Panchayat
2021-02-28_10:24:54,PanchMahals,178,158,466180,438821,905001,39168,22054,61222,6.76,Taluka Panchayat
2021-02-28_10:24:54,Patan,170,165,449570,413348,862918,48653,21896,70549,8.18,Taluka Panchayat
2021-02-28_10:24:54,Porbandar,54,34,124573,115251,239824,5564,1975,7539,3.14,Taluka Panchayat
2021-02-28_10:24:54,Rajkot,202,197,492428,446988,939416,57108,19923,77031,8.20,Taluka Panchayat
2021-02-28_10:24:54,SabarKantha,172,172,469961,442942,912903,52294,26158,78452,8.59,Taluka Panchayat
2021-02-28_10:24:54,Surat,184,157,475930,463811,939741,41363,20783,62146,6.61,Taluka Panchayat
2021-02-28_10:24:54,Surendranagar,182,133,416756,373082,789838,41356,13892,55248,6.99,Taluka Panchayat
2021-02-28_10:24:54,Tapi,124,121,280467,292686,573153,32128,22113,54241,9.46,Taluka Panchayat
2021-02-28_10:24:54,TheDangs,48,47,89013,88272,177285,10529,6316,16845,9.50,Taluka Panchayat
2021-02-28_10:24:54,Vadodara,168,146,496439,465391,961830,38726,20092,58818,6.12,Taluka Panchayat
2021-02-28_10:24:54,Valsad,158,142,483232,465029,948261,50491,32492,82983,8.75,Taluka Panchayat
2021-02-28_10:24:54,Ahmadabad,24,24,68270,65462,133732,6470,3654,10124,7.57,Nagarpalika
2021-02-28_10:24:54,Amreli,39,39,110302,102978,213280,8652,4068,12720,5.96,Nagarpalika
2021-02-28_10:24:54,Anand,53,53,199229,192972,392201,16934,10287,27221,6.94,Nagarpalika
2021-02-28_10:24:54,Arvalli,15,15,34878,34489,69367,3051,1998,5049,7.28,Nagarpalika
2021-02-28_10:24:54,BanasKantha,28,17,116630,107564,224194,4949,2972,7921,3.53,Nagarpalika
2021-02-28_10:24:54,Bharuch,33,33,134465,130222,264687,10209,7029,17238,6.51,Nagarpalika
2021-02-28_10:24:54,Bhavnagar,24,24,67987,64177,132164,5391,3126,8517,6.44,Nagarpalika
2021-02-28_10:24:54,Botad,17,17,62086,58158,120244,4748,2449,7197,5.99,Nagarpalika
2021-02-28_10:24:54,DevbhumiDwarka,13,13,24848,23388,48236,2238,1215,3453,7.16,Nagarpalika
2021-02-28_10:24:54,Dohad,9,9,43099,42797,85896,3222,2208,5430,6.32,Nagarpalika
2021-02-28_10:24:54,Gandhinagar,18,18,67142,63821,130963,6843,4265,11108,8.48,Nagarpalika
2021-02-28_10:24:54,GirSomnath,32,28,102302,98670,200972,8022,4858,12880,6.41,Nagarpalika
2021-02-28_10:24:54,Jamnagar,7,7,10501,9981,20482,942,597,1539,7.51,Nagarpalika
2021-02-28_10:24:54,Junagadh,9,9,31920,29712,61632,2383,1242,3625,5.88,Nagarpalika
2021-02-28_10:24:54,Kachchh,49,48,223899,205551,429450,13998,7184,21182,4.93,Nagarpalika
2021-02-28_10:24:54,Kheda,38,38,139308,136416,275724,10860,7425,18285,6.63,Nagarpalika
2021-02-28_10:24:54,Mahesana,38,33,146205,137568,283773,12899,8507,21406,7.54,Nagarpalika
2021-02-28_10:24:54,Morbi,26,26,99200,91592,190792,8725,3804,12529,6.57,Nagarpalika
2021-02-28_10:24:54,Narmada,7,7,14435,14979,29414,1580,961,2541,8.64,Nagarpalika
2021-02-28_10:24:54,Navsari,19,19,122774,114496,237270,10690,5304,15994,6.74,Nagarpalika
2021-02-28_10:24:54,PanchMahals,17,17,65658,63394,129052,5933,3675,9608,7.45,Nagarpalika
2021-02-28_10:24:54,Patan,20,20,87861,82086,169947,7378,4633,12011,7.07,Nagarpalika
2021-02-28_10:24:54,Porbandar,13,13,94793,90435,185228,4943,2599,7542,4.07,Nagarpalika
2021-02-28_10:24:54,Rajkot,11,11,46389,43265,89654,2544,1504,4048,4.52,Nagarpalika
2021-02-28_10:24:54,SabarKantha,15,15,39922,38700,78622,3487,2070,5557,7.07,Nagarpalika
2021-02-28_10:24:54,Surat,29,29,54734,48680,103414,5009,2880,7889,7.63,Nagarpalika
2021-02-28_10:24:54,Surendranagar,41,39,162569,151850,314419,12366,5868,18234,5.80,Nagarpalika
2021-02-28_10:24:54,Tapi,7,7,16206,16471,32677,1722,1131,2853,8.73,Nagarpalika
2021-02-28_10:24:54,Vadodara,22,21,45406,44084,89490,4166,3016,7182,8.03,Nagarpalika
2021-02-28_10:24:54,Valsad,7,7,12159,9820,21979,1198,599,1797,8.18,Nagarpalika
