2021-03-01_01:18:27,Ahmadabad,34,31,437129,401107,838236,316719,264085,580804,69.29,District Panchayat
2021-03-01_01:18:27,Amreli,34,34,487298,451365,938663,285392,231658,517050,55.08,District Panchayat
2021-03-01_01:18:27,Anand,42,42,628845,586894,1215739,427142,371052,798194,65.66,District Panchayat
2021-03-01_01:18:27,Arvalli,30,30,376844,359118,735962,264128,237642,501770,68.18,District Panchayat
2021-03-01_01:18:27,Bharuch,34,33,468846,435562,904408,270650,240216,510866,56.49,District Panchayat
2021-03-01_01:18:27,Bhavnagar,40,40,603315,554658,1157973,370006,303438,673444,58.16,District Panchayat
2021-03-01_01:18:27,Botad,20,13,132592,117981,250573,82923,65801,148724,59.35,District Panchayat
2021-03-01_01:18:27,ChhotaUdaipur,32,32,392553,369603,762156,242904,224627,467531,61.34,District Panchayat
2021-03-01_01:18:27,DevbhumiDwarka,22,21,207700,192898,400598,148719,118724,267443,66.76,District Panchayat
2021-03-01_01:18:27,Dohad,50,50,670243,671292,1341535,413521,414205,827726,61.70,District Panchayat
2021-03-01_01:18:27,Gandhinagar,28,28,366066,346877,712943,268295,231626,499921,70.12,District Panchayat
2021-03-01_01:18:27,GirSomnath,28,28,360516,339611,700127,242970,217833,460803,65.82,District Panchayat
2021-03-01_01:18:27,Jamnagar,24,24,281592,261459,543051,190011,155605,345616,63.64,District Panchayat
2021-03-01_01:18:27,Junagadh,30,29,404115,370824,774939,262158,211209,473367,61.08,District Panchayat
2021-03-01_01:18:27,Kachchh,40,40,557441,517942,1075383,355843,310698,666541,61.98,District Panchayat
2021-03-01_01:18:27,Mahesana,42,41,673866,623203,1297069,483524,416326,899850,69.38,District Panchayat
2021-03-01_01:18:27,Mahisagar,28,28,348235,328536,676771,226813,208768,435581,64.36,District Panchayat
2021-03-01_01:18:27,Morbi,24,24,281342,260224,541566,202507,170897,373404,68.95,District Panchayat
2021-03-01_01:18:27,Narmada,22,22,210704,204208,414912,168924,158851,327775,79.00,District Panchayat
2021-03-01_01:18:27,Navsari,30,30,387723,389351,777074,270375,269111,539486,69.43,District Panchayat
2021-03-01_01:18:27,PanchMahals,38,34,460474,433704,894178,288646,269349,557995,62.40,District Panchayat
2021-03-01_01:18:27,Patan,32,32,461883,424727,886610,308453,265724,574177,64.76,District Panchayat
2021-03-01_01:18:27,Porbandar,18,18,124573,115251,239824,81526,63045,144571,60.28,District Panchayat
2021-03-01_01:18:27,Rajkot,36,36,503482,456937,960419,340527,268867,609394,63.45,District Panchayat
2021-03-01_01:18:27,SabarKantha,36,36,469961,442942,912903,345618,302647,648265,71.01,District Panchayat
2021-03-01_01:18:27,Surat,36,34,496818,484416,981234,326942,304399,631341,64.34,District Panchayat
2021-03-01_01:18:27,Surendranagar,34,32,426424,381862,808286,292105,233504,525609,65.03,District Panchayat
2021-03-01_01:18:27,Tapi,26,26,286594,298827,585421,212930,214261,427191,72.97,District Panchayat
2021-03-01_01:18:27,TheDangs,18,16,82544,81642,164186,61787,61107,122894,74.85,District Panchayat
2021-03-01_01:18:27,Vadodara,34,34,496440,465390,961830,357782,320972,678754,70.57,District Panchayat
2021-03-01_01:18:27,Valsad,38,37,484866,466810,951676,336824,321205,658029,69.14,District Panchayat
2021-03-01_01:18:27,Ahmadabad,176,168,454975,418323,873298,331235,276226,607461,69.56,Taluka Panchayat
2021-03-01_01:18:27,Amreli,192,190,481639,446125,927764,281542,228799,510341,55.01,Taluka Panchayat
2021-03-01_01:18:27,Anand,196,195,626520,584808,1211328,426295,367626,793921,65.54,Taluka Panchayat
2021-03-01_01:18:27,Arvalli,128,125,368154,350994,719148,258810,233263,492073,68.42,Taluka Panchayat
2021-03-01_01:18:27,Bharuch,182,181,480367,446981,927348,308006,273680,581686,62.73,Taluka Panchayat
2021-03-01_01:18:27,Bhavnagar,210,204,590746,543425,1134171,366677,300834,667511,58.85,Taluka Panchayat
2021-03-01_01:18:27,Botad,78,74,191721,173802,365523,117152,93739,210891,57.70,Taluka Panchayat
2021-03-01_01:18:27,ChhotaUdaipur,140,140,392553,369603,762156,243305,224895,468200,61.43,Taluka Panchayat
2021-03-01_01:18:27,DevbhumiDwarka,80,75,207103,192161,399264,148725,118756,267481,66.99,Taluka Panchayat
2021-03-01_01:18:27,Dohad,238,233,656864,657837,1314701,404519,405762,810281,61.63,Taluka Panchayat
2021-03-01_01:18:27,Gandhinagar,80,79,267035,251857,518892,198400,170575,368975,71.11,Taluka Panchayat
2021-03-01_01:18:27,GirSomnath,128,128,360516,339611,700127,242970,217833,460803,65.82,Taluka Panchayat
2021-03-01_01:18:27,Jamnagar,112,111,279529,259594,539123,188763,154544,343307,63.68,Taluka Panchayat
2021-03-01_01:18:27,Junagadh,158,155,410567,376351,786918,263354,211864,475218,60.39,Taluka Panchayat
2021-03-01_01:18:27,Kachchh,204,200,545963,507021,1052984,349270,305278,654548,62.16,Taluka Panchayat
2021-03-01_01:18:27,Kheda,166,164,479824,449787,929611,345859,295232,641091,68.96,Taluka Panchayat
2021-03-01_01:18:27,Mahesana,216,206,659374,609297,1268671,465376,396733,862109,67.95,Taluka Panchayat
2021-03-01_01:18:27,Mahisagar,126,126,348235,328536,676771,226802,208819,435621,64.37,Taluka Panchayat
2021-03-01_01:18:27,Morbi,102,101,279274,258232,537506,201283,169890,371173,69.05,Taluka Panchayat
2021-03-01_01:18:27,Narmada,90,90,210704,204208,414912,168981,158973,327954,79.04,Taluka Panchayat
2021-03-01_01:18:27,Navsari,132,131,385274,386937,772211,265923,265505,531428,68.82,Taluka Panchayat
2021-03-01_01:18:27,PanchMahals,178,163,466180,438821,905001,293096,272667,565763,62.52,Taluka Panchayat
2021-03-01_01:18:27,Patan,170,165,449570,413348,862918,302868,260568,563436,65.29,Taluka Panchayat
2021-03-01_01:18:27,Porbandar,54,54,124573,115251,239824,81526,63045,144571,60.28,Taluka Panchayat
2021-03-01_01:18:27,Rajkot,202,197,492428,446988,939416,334330,264275,598605,63.72,Taluka Panchayat
2021-03-01_01:18:27,SabarKantha,172,172,469961,442942,912903,345623,302700,648323,71.02,Taluka Panchayat
2021-03-01_01:18:27,Surat,184,176,475930,463811,939741,336477,312228,648705,69.03,Taluka Panchayat
2021-03-01_01:18:27,Surendranagar,182,164,416756,373082,789838,289214,232210,521424,66.02,Taluka Panchayat
2021-03-01_01:18:27,Tapi,124,121,280467,292686,573153,213407,213811,427218,74.54,Taluka Panchayat
2021-03-01_01:18:27,TheDangs,48,47,89013,88272,177285,67618,66968,134586,75.92,Taluka Panchayat
2021-03-01_01:18:27,Vadodara,168,167,496439,465391,961830,332966,300382,633348,65.85,Taluka Panchayat
2021-03-01_01:18:27,Valsad,158,152,483232,465029,948261,338922,322128,661050,69.71,Taluka Panchayat
2021-03-01_01:18:27,Ahmadabad,24,24,68270,65462,133732,46586,39568,86154,64.42,Nagarpalika
2021-03-01_01:18:27,Amreli,39,39,110302,102978,213280,65224,53102,118326,55.48,Nagarpalika
2021-03-01_01:18:27,Anand,53,53,199223,192971,392194,126526,112744,239270,61.01,Nagarpalika
2021-03-01_01:18:27,Arvalli,15,15,34878,34489,69367,23866,21841,45707,65.89,Nagarpalika
2021-03-01_01:18:27,BanasKantha,28,28,116630,107564,224194,72192,60837,133029,59.34,Nagarpalika
2021-03-01_01:18:27,Bharuch,33,33,134482,130230,264712,77901,70437,148338,56.04,Nagarpalika
2021-03-01_01:18:27,Bhavnagar,24,24,67987,64177,132164,42346,35871,78217,59.18,Nagarpalika
2021-03-01_01:18:27,Botad,17,17,62086,58158,120244,36440,29988,66428,55.24,Nagarpalika
2021-03-01_01:18:27,DevbhumiDwarka,13,13,24848,23388,48236,16815,14160,30975,64.22,Nagarpalika
2021-03-01_01:18:27,Dohad,9,9,43099,42797,85896,25969,23873,49842,58.03,Nagarpalika
2021-03-01_01:18:27,Gandhinagar,18,18,67142,63821,130963,43502,37502,81004,61.85,Nagarpalika
2021-03-01_01:18:27,GirSomnath,32,28,102302,98670,200972,68879,60716,129595,64.48,Nagarpalika
2021-03-01_01:18:27,Jamnagar,7,7,10501,9981,20482,6838,6717,13555,66.18,Nagarpalika
2021-03-01_01:18:27,Junagadh,9,9,31920,29712,61632,18596,15368,33964,55.11,Nagarpalika
2021-03-01_01:18:27,Kachchh,49,48,223899,205551,429450,117480,100723,218203,50.81,Nagarpalika
2021-03-01_01:18:27,Kheda,38,38,139308,136416,275724,88013,79332,167345,60.69,Nagarpalika
2021-03-01_01:18:27,Mahesana,38,33,146205,137568,283773,94143,81072,175215,61.74,Nagarpalika
2021-03-01_01:18:27,Morbi,26,26,99200,91592,190792,59260,48400,107660,56.43,Nagarpalika
2021-03-01_01:18:27,Narmada,7,7,14435,14979,29414,10013,9629,19642,66.78,Nagarpalika
2021-03-01_01:18:27,Navsari,19,19,122774,114496,237270,69599,61772,131371,55.37,Nagarpalika
2021-03-01_01:18:27,PanchMahals,17,17,65658,63394,129052,44617,38719,83336,64.58,Nagarpalika
2021-03-01_01:18:27,Patan,20,20,87861,82086,169947,55005,46878,101883,59.95,Nagarpalika
2021-03-01_01:18:27,Porbandar,13,13,94793,90435,185228,49882,41954,91836,49.58,Nagarpalika
2021-03-01_01:18:27,Rajkot,11,11,46389,43265,89654,26488,21218,47706,53.21,Nagarpalika
2021-03-01_01:18:27,SabarKantha,15,15,39922,38700,78622,24721,21062,45783,58.23,Nagarpalika
2021-03-01_01:18:27,Surat,29,29,54734,48680,103414,36627,30837,67464,65.24,Nagarpalika
2021-03-01_01:18:27,Surendranagar,41,39,162569,151850,314419,93217,76649,169866,54.03,Nagarpalika
2021-03-01_01:18:27,Tapi,7,7,16206,16471,32677,12403,11750,24153,73.91,Nagarpalika
2021-03-01_01:18:27,Vadodara,22,21,45406,44084,89490,33350,30296,63646,71.12,Nagarpalika
2021-03-01_01:18:27,Valsad,7,7,12159,9820,21979,8059,6767,14826,67.46,Nagarpalika
