2021-02-28_15:16:42,Ahmadabad,34,31,437129,401107,838236,167023,116136,283159,33.78,District Panchayat
2021-02-28_15:16:42,Amreli,34,34,487298,451365,938663,196891,137957,334848,35.67,District Panchayat
2021-02-28_15:16:42,Anand,42,42,628845,586894,1215739,275563,195872,471435,38.78,District Panchayat
2021-02-28_15:16:42,Arvalli,30,30,376844,359118,735962,167335,131814,299149,40.65,District Panchayat
2021-02-28_15:16:42,Bharuch,34,33,468846,435562,904408,158773,130460,289233,31.98,District Panchayat
2021-02-28_15:16:42,Bhavnagar,40,40,603309,554664,1157973,252398,180905,433303,37.42,District Panchayat
2021-02-28_15:16:42,Botad,20,13,132592,117981,250573,47811,28991,76802,30.65,District Panchayat
2021-02-28_15:16:42,ChhotaUdaipur,32,32,392553,369603,762156,142738,127705,270443,35.48,District Panchayat
2021-02-28_15:16:42,DevbhumiDwarka,22,21,207700,192898,400598,94758,64955,159713,39.87,District Panchayat
2021-02-28_15:16:42,Dohad,50,50,670243,671292,1341535,222429,231837,454266,33.86,District Panchayat
2021-02-28_15:16:42,Gandhinagar,28,28,366066,346877,712943,172185,127899,300084,42.09,District Panchayat
2021-02-28_15:16:42,GirSomnath,28,28,360516,339611,700127,165471,139809,305280,43.60,District Panchayat
2021-02-28_15:16:42,Jamnagar,24,24,281592,261459,543051,116826,84118,200944,37.00,District Panchayat
2021-02-28_15:16:42,Junagadh,30,29,404115,370824,774939,167852,117494,285346,36.82,District Panchayat
2021-02-28_15:16:42,Kachchh,40,40,557441,517942,1075383,235508,179759,415267,38.62,District Panchayat
2021-02-28_15:16:42,Mahesana,42,41,673866,623203,1297069,304263,213650,517913,39.93,District Panchayat
2021-02-28_15:16:42,Mahisagar,28,28,348235,328536,676771,146596,127548,274144,40.51,District Panchayat
2021-02-28_15:16:42,Morbi,24,24,281342,260224,541566,146934,109514,256448,47.35,District Panchayat
2021-02-28_15:16:42,Narmada,22,22,210704,204208,414912,108938,103524,212462,51.21,District Panchayat
2021-02-28_15:16:42,Navsari,30,30,387723,389351,777074,170566,164011,334577,43.06,District Panchayat
2021-02-28_15:16:42,PanchMahals,38,34,460474,433704,894178,188928,170394,359322,40.18,District Panchayat
2021-02-28_15:16:42,Patan,32,32,461883,424727,886610,206866,145384,352250,39.73,District Panchayat
2021-02-28_15:16:42,Porbandar,18,18,124573,115251,239824,49624,33873,83497,34.82,District Panchayat
2021-02-28_15:16:42,Rajkot,36,36,503482,456937,960419,203258,133648,336906,35.08,District Panchayat
2021-02-28_15:16:42,SabarKantha,36,36,469961,442942,912903,196703,148957,345660,37.86,District Panchayat
2021-02-28_15:16:42,Surat,36,34,496818,484416,981234,202493,181766,384259,39.16,District Panchayat
2021-02-28_15:16:42,Surendranagar,34,32,426424,381862,808286,172790,110286,283076,35.02,District Panchayat
2021-02-28_15:16:42,Tapi,26,26,286594,298827,585421,133568,136339,269907,46.10,District Panchayat
2021-02-28_15:16:42,TheDangs,18,16,82544,81642,164186,48185,47709,95894,58.41,District Panchayat
2021-02-28_15:16:42,Vadodara,34,34,496440,465390,961830,207172,171075,378247,39.33,District Panchayat
2021-02-28_15:16:42,Valsad,38,37,484869,466807,951676,197616,188310,385926,40.55,District Panchayat
2021-02-28_15:16:42,Ahmadabad,176,168,454975,418323,873298,187249,132285,319534,36.59,Taluka Panchayat
2021-02-28_15:16:42,Amreli,192,190,481639,446125,927764,189307,130214,319521,34.44,Taluka Panchayat
2021-02-28_15:16:42,Anand,196,195,626520,584808,1211328,257762,182338,440100,36.33,Taluka Panchayat
2021-02-28_15:16:42,Arvalli,128,125,368154,350994,719148,193478,168895,362373,50.39,Taluka Panchayat
2021-02-28_15:16:42,Bharuch,182,181,480367,446981,927348,159409,133450,292859,31.58,Taluka Panchayat
2021-02-28_15:16:42,Bhavnagar,210,204,590740,543431,1134171,255064,185875,440939,38.88,Taluka Panchayat
2021-02-28_15:16:42,Botad,78,74,191721,173802,365523,67584,41045,108629,29.72,Taluka Panchayat
2021-02-28_15:16:42,ChhotaUdaipur,140,140,392553,369603,762156,166239,150823,317062,41.60,Taluka Panchayat
2021-02-28_15:16:42,DevbhumiDwarka,80,75,207103,192161,399264,100930,71288,172218,43.13,Taluka Panchayat
2021-02-28_15:16:42,Dohad,238,233,656864,657837,1314701,208818,217069,425887,32.39,Taluka Panchayat
2021-02-28_15:16:42,Gandhinagar,80,79,267035,251857,518892,146099,120743,266842,51.43,Taluka Panchayat
2021-02-28_15:16:42,GirSomnath,128,128,360516,339611,700127,167666,141758,309424,44.20,Taluka Panchayat
2021-02-28_15:16:42,Jamnagar,112,111,279529,259594,539123,129694,92073,221767,41.13,Taluka Panchayat
2021-02-28_15:16:42,Junagadh,158,154,410567,376351,786918,170773,120360,291133,37.00,Taluka Panchayat
2021-02-28_15:16:42,Kachchh,204,200,545963,507021,1052984,235913,182398,418311,39.73,Taluka Panchayat
2021-02-28_15:16:42,Kheda,166,164,479824,449787,929611,223926,151076,375002,40.34,Taluka Panchayat
2021-02-28_15:16:42,Mahesana,216,206,659374,609297,1268671,309742,223237,532979,42.01,Taluka Panchayat
2021-02-28_15:16:42,Mahisagar,126,126,348235,328536,676771,148034,130329,278363,41.13,Taluka Panchayat
2021-02-28_15:16:42,Morbi,102,101,279274,258232,537506,148724,112032,260756,48.51,Taluka Panchayat
2021-02-28_15:16:42,Narmada,90,90,210704,204208,414912,101994,95745,197739,47.66,Taluka Panchayat
2021-02-28_15:16:42,Navsari,132,131,385274,386937,772211,169569,163026,332595,43.07,Taluka Panchayat
2021-02-28_15:16:42,PanchMahals,178,163,466180,438821,905001,192464,172910,365374,40.37,Taluka Panchayat
2021-02-28_15:16:42,Patan,170,165,449570,413348,862918,203177,143984,347161,40.23,Taluka Panchayat
2021-02-28_15:16:42,Porbandar,54,54,124573,115251,239824,47390,31224,78614,32.78,Taluka Panchayat
2021-02-28_15:16:42,Rajkot,202,197,492428,446988,939416,191687,129627,321314,34.20,Taluka Panchayat
2021-02-28_15:16:42,SabarKantha,172,172,469961,442942,912903,227544,185415,412959,45.24,Taluka Panchayat
2021-02-28_15:16:42,Surat,184,176,475930,463811,939741,210677,189247,399924,42.56,Taluka Panchayat
2021-02-28_15:16:42,Surendranagar,182,164,416756,373082,789838,172951,112008,284959,36.08,Taluka Panchayat
2021-02-28_15:16:42,Tapi,124,121,280467,292686,573153,135783,137755,273538,47.73,Taluka Panchayat
2021-02-28_15:16:42,TheDangs,48,47,89013,88272,177285,53294,53167,106461,60.05,Taluka Panchayat
2021-02-28_15:16:42,Vadodara,168,167,496439,465391,961830,212400,177863,390263,40.58,Taluka Panchayat
2021-02-28_15:16:42,Valsad,158,152,483232,465029,948261,210297,199910,410207,43.26,Taluka Panchayat
2021-02-28_15:16:42,Ahmadabad,24,24,68270,65462,133732,28442,23342,51784,38.72,Nagarpalika
2021-02-28_15:16:42,Amreli,39,39,110302,102978,213280,37588,29621,67209,31.51,Nagarpalika
2021-02-28_15:16:42,Anand,53,53,199223,192971,392194,79971,68232,148203,37.79,Nagarpalika
2021-02-28_15:16:42,Arvalli,15,15,34878,34489,69367,15419,12869,28288,40.78,Nagarpalika
2021-02-28_15:16:42,BanasKantha,28,28,116630,107564,224194,46624,37123,83747,37.35,Nagarpalika
2021-02-28_15:16:42,Bharuch,33,33,134465,130222,264687,47885,42286,90171,34.07,Nagarpalika
2021-02-28_15:16:42,Bhavnagar,24,24,67987,64177,132164,28860,24015,52875,40.01,Nagarpalika
2021-02-28_15:16:42,Botad,17,17,62086,58158,120244,21318,15889,37207,30.94,Nagarpalika
2021-02-28_15:16:42,DevbhumiDwarka,13,13,24848,23388,48236,9219,7913,17132,35.52,Nagarpalika
2021-02-28_15:16:42,Dohad,9,9,43099,42797,85896,15075,13440,28515,33.20,Nagarpalika
2021-02-28_15:16:42,Gandhinagar,18,18,67142,63821,130963,32870,27957,60827,46.45,Nagarpalika
2021-02-28_15:16:42,GirSomnath,32,28,102302,98670,200972,42608,36869,79477,39.55,Nagarpalika
2021-02-28_15:16:42,Jamnagar,7,7,10501,9981,20482,6015,6244,12259,59.85,Nagarpalika
2021-02-28_15:16:42,Junagadh,9,9,31920,29712,61632,10554,8272,18826,30.55,Nagarpalika
2021-02-28_15:16:42,Kachchh,49,48,223899,205551,429450,75140,59170,134310,31.27,Nagarpalika
2021-02-28_15:16:42,Kheda,38,38,139308,136416,275724,53405,47334,100739,36.54,Nagarpalika
2021-02-28_15:16:42,Mahesana,38,33,146205,137568,283773,57562,46195,103757,36.56,Nagarpalika
2021-02-28_15:16:42,Morbi,26,26,99200,91592,190792,43386,31686,75072,39.35,Nagarpalika
2021-02-28_15:16:42,Narmada,7,7,14435,14979,29414,5469,5061,10530,35.80,Nagarpalika
2021-02-28_15:16:42,Navsari,19,19,122774,114496,237270,43789,35737,79526,33.52,Nagarpalika
2021-02-28_15:16:42,PanchMahals,17,17,65658,63394,129052,32637,28459,61096,47.34,Nagarpalika
2021-02-28_15:16:42,Patan,20,20,87861,82086,169947,34461,27468,61929,36.44,Nagarpalika
2021-02-28_15:16:42,Porbandar,13,13,94793,90435,185228,33125,26059,59184,31.95,Nagarpalika
2021-02-28_15:16:42,Rajkot,11,11,46389,43265,89654,15797,12040,27837,31.05,Nagarpalika
2021-02-28_15:16:42,SabarKantha,15,15,39922,38700,78622,18103,15391,33494,42.60,Nagarpalika
2021-02-28_15:16:42,Surat,29,29,54734,48680,103414,26413,22638,49051,47.43,Nagarpalika
2021-02-28_15:16:42,Surendranagar,41,39,162569,151850,314419,56669,41203,97872,31.13,Nagarpalika
2021-02-28_15:16:42,Tapi,7,7,16206,16471,32677,6881,6843,13724,42.00,Nagarpalika
2021-02-28_15:16:42,Vadodara,22,21,45406,44084,89490,24424,22994,47418,52.99,Nagarpalika
2021-02-28_15:16:42,Valsad,7,7,12159,9820,21979,4528,3720,8248,37.53,Nagarpalika
