2021-02-28_12:04:54,Ahmadabad,34,31,437129,401107,838236,106927,64374,171301,20.44,District Panchayat
2021-02-28_12:04:54,Amreli,34,34,487298,451365,938663,113357,69066,182423,19.43,District Panchayat
2021-02-28_12:04:54,Anand,42,42,628845,586894,1215739,139523,74755,214278,17.63,District Panchayat
2021-02-28_12:04:54,Arvalli,30,30,376844,359118,735962,103876,68797,172673,23.46,District Panchayat
2021-02-28_12:04:54,Bharuch,34,26,468837,435571,904408,71841,49982,121823,13.47,District Panchayat
2021-02-28_12:04:54,Bhavnagar,40,40,603309,554664,1157973,154588,98495,253083,21.86,District Panchayat
2021-02-28_12:04:54,Botad,20,13,132592,117981,250573,27110,14215,41325,16.49,District Panchayat
2021-02-28_12:04:54,ChhotaUdaipur,32,26,392553,369603,762156,67710,55180,122890,16.12,District Panchayat
2021-02-28_12:04:54,DevbhumiDwarka,22,21,207700,192898,400598,63922,35405,99327,24.79,District Panchayat
2021-02-28_12:04:54,Dohad,50,50,670243,671292,1341535,153253,152830,306083,22.82,District Panchayat
2021-02-28_12:04:54,Gandhinagar,28,28,366066,346877,712943,113532,76124,189656,26.60,District Panchayat
2021-02-28_12:04:54,GirSomnath,28,28,360516,339611,700127,104899,74345,179244,25.60,District Panchayat
2021-02-28_12:04:54,Jamnagar,24,24,281592,261459,543051,73647,46873,120520,22.19,District Panchayat
2021-02-28_12:04:54,Junagadh,30,29,404115,370824,774939,111335,69163,180498,23.29,District Panchayat
2021-02-28_12:04:54,Kachchh,40,40,557441,517942,1075383,154131,95303,249434,23.19,District Panchayat
2021-02-28_12:04:54,Mahesana,42,39,673866,623203,1297069,168945,101906,270851,20.88,District Panchayat
2021-02-28_12:04:54,Mahisagar,28,28,348235,328536,676771,84621,63355,147976,21.87,District Panchayat
2021-02-28_12:04:54,Morbi,24,24,281342,260224,541566,82967,47518,130485,24.09,District Panchayat
2021-02-28_12:04:54,Narmada,22,22,210704,204208,414912,36198,24139,60337,14.54,District Panchayat
2021-02-28_12:04:54,Navsari,30,30,387723,389351,777074,88488,70627,159115,20.48,District Panchayat
2021-02-28_12:04:54,PanchMahals,38,34,460474,433704,894178,99446,79204,178650,19.98,District Panchayat
2021-02-28_12:04:54,Patan,32,32,461883,424727,886610,87649,50137,137786,15.54,District Panchayat
2021-02-28_12:04:54,Porbandar,18,18,124573,115251,239824,28581,15225,43806,18.27,District Panchayat
2021-02-28_12:04:54,Rajkot,36,30,503482,456937,960419,86276,47481,133757,13.93,District Panchayat
2021-02-28_12:04:54,SabarKantha,36,36,469961,442942,912903,137489,87436,224925,24.64,District Panchayat
2021-02-28_12:04:54,Surat,36,34,496818,484416,981234,108653,77614,186267,18.98,District Panchayat
2021-02-28_12:04:54,Surendranagar,34,32,426424,381862,808286,104908,55927,160835,19.90,District Panchayat
2021-02-28_12:04:54,Tapi,26,26,286594,298827,585421,58012,49705,107717,18.40,District Panchayat
2021-02-28_12:04:54,TheDangs,18,16,82544,81642,164186,28003,24137,52140,31.76,District Panchayat
2021-02-28_12:04:54,Vadodara,34,34,496440,465390,961830,79047,50631,129678,13.48,District Panchayat
2021-02-28_12:04:54,Valsad,38,37,484869,466807,951676,103489,84100,187589,19.71,District Panchayat
2021-02-28_12:04:54,Ahmadabad,176,168,454954,418321,873275,112440,67331,179771,20.59,Taluka Panchayat
2021-02-28_12:04:54,Amreli,192,190,481639,446125,927764,112570,67580,180150,19.42,Taluka Panchayat
2021-02-28_12:04:54,Anand,196,195,626520,584808,1211328,149059,88424,237483,19.61,Taluka Panchayat
2021-02-28_12:04:54,Arvalli,128,125,368154,350994,719148,103488,69323,172811,24.03,Taluka Panchayat
2021-02-28_12:04:54,Bharuch,182,181,480358,446990,927348,95165,68224,163389,17.62,Taluka Panchayat
2021-02-28_12:04:54,Bhavnagar,210,204,590740,543431,1134171,160559,103064,263623,23.24,Taluka Panchayat
2021-02-28_12:04:54,Botad,78,74,191721,173802,365523,42833,23233,66066,18.07,Taluka Panchayat
2021-02-28_12:04:54,ChhotaUdaipur,140,114,392553,369603,762156,44437,30924,75361,9.89,Taluka Panchayat
2021-02-28_12:04:54,DevbhumiDwarka,80,75,207103,192161,399264,63973,35368,99341,24.88,Taluka Panchayat
2021-02-28_12:04:54,Dohad,238,233,656864,657837,1314701,151710,149954,301664,22.95,Taluka Panchayat
2021-02-28_12:04:54,Gandhinagar,80,79,270453,255137,525590,84970,58166,143136,27.23,Taluka Panchayat
2021-02-28_12:04:54,GirSomnath,128,128,360516,339611,700127,104899,74350,179249,25.60,Taluka Panchayat
2021-02-28_12:04:54,Jamnagar,112,111,279529,259594,539123,65179,38475,103654,19.23,Taluka Panchayat
2021-02-28_12:04:54,Junagadh,158,155,410567,376351,786918,112844,70085,182929,23.25,Taluka Panchayat
2021-02-28_12:04:54,Kachchh,204,200,545963,507021,1052984,151274,93561,244835,23.25,Taluka Panchayat
2021-02-28_12:04:54,Kheda,166,164,479824,449787,929611,139696,72746,212442,22.85,Taluka Panchayat
2021-02-28_12:04:54,Mahesana,216,206,659374,609297,1268671,168126,102119,270245,21.30,Taluka Panchayat
2021-02-28_12:04:54,Mahisagar,126,126,348235,328536,676771,65777,43849,109626,16.20,Taluka Panchayat
2021-02-28_12:04:54,Morbi,102,101,279274,258232,537506,82328,47034,129362,24.07,Taluka Panchayat
2021-02-28_12:04:54,Narmada,90,90,210704,204208,414912,57862,48393,106255,25.61,Taluka Panchayat
2021-02-28_12:04:54,Navsari,132,131,387723,389351,777074,92675,74650,167325,21.53,Taluka Panchayat
2021-02-28_12:04:54,PanchMahals,178,163,466180,438821,905001,101723,80705,182428,20.16,Taluka Panchayat
2021-02-28_12:04:54,Patan,170,165,449570,413348,862918,107383,63134,170517,19.76,Taluka Panchayat
2021-02-28_12:04:54,Porbandar,54,54,124573,115251,239824,28581,15225,43806,18.27,Taluka Panchayat
2021-02-28_12:04:54,Rajkot,202,197,492428,446988,939416,113166,63041,176207,18.76,Taluka Panchayat
2021-02-28_12:04:54,SabarKantha,172,172,469961,442942,912903,129110,82469,211579,23.18,Taluka Panchayat
2021-02-28_12:04:54,Surat,184,176,475930,463811,939741,112168,80994,193162,20.55,Taluka Panchayat
2021-02-28_12:04:54,Surendranagar,182,164,416756,373082,789838,108042,59143,167185,21.17,Taluka Panchayat
2021-02-28_12:04:54,Tapi,124,121,280467,292686,573153,65764,56869,122633,21.40,Taluka Panchayat
2021-02-28_12:04:54,TheDangs,48,47,89013,88272,177285,30398,26352,56750,32.01,Taluka Panchayat
2021-02-28_12:04:54,Vadodara,168,167,496439,465391,961830,78203,50521,128724,13.38,Taluka Panchayat
2021-02-28_12:04:54,Valsad,158,151,483232,465029,948261,114368,93869,208237,21.96,Taluka Panchayat
2021-02-28_12:04:54,Ahmadabad,24,24,68270,65462,133732,15189,11249,26438,19.77,Nagarpalika
2021-02-28_12:04:54,Amreli,39,39,110302,102978,213280,18064,11496,29560,13.86,Nagarpalika
2021-02-28_12:04:54,Anand,53,53,199223,192971,392194,37964,30740,68704,17.52,Nagarpalika
2021-02-28_12:04:54,Arvalli,15,15,34878,34489,69367,8488,6520,15008,21.64,Nagarpalika
2021-02-28_12:04:54,BanasKantha,28,28,116630,107564,224194,23856,16751,40607,18.11,Nagarpalika
2021-02-28_12:04:54,Bharuch,33,33,134465,130222,264687,19983,17434,37417,14.14,Nagarpalika
2021-02-28_12:04:54,Bhavnagar,24,24,67987,64177,132164,17124,11957,29081,22.00,Nagarpalika
2021-02-28_12:04:54,Botad,17,17,62086,58158,120244,12774,8241,21015,17.48,Nagarpalika
2021-02-28_12:04:54,DevbhumiDwarka,13,13,24848,23388,48236,5886,4358,10244,21.24,Nagarpalika
2021-02-28_12:04:54,Dohad,9,9,43099,42797,85896,8589,6862,15451,17.99,Nagarpalika
2021-02-28_12:04:54,Gandhinagar,18,18,67142,63821,130963,16783,12498,29281,22.36,Nagarpalika
2021-02-28_12:04:54,GirSomnath,32,28,102302,98670,200972,21438,16864,38302,19.06,Nagarpalika
2021-02-28_12:04:54,Jamnagar,7,7,10501,9981,20482,2762,2625,5387,26.30,Nagarpalika
2021-02-28_12:04:54,Junagadh,9,9,31920,29712,61632,6605,4350,10955,17.77,Nagarpalika
2021-02-28_12:04:54,Kachchh,49,48,223899,205551,429450,35256,23212,58468,13.61,Nagarpalika
2021-02-28_12:04:54,Kheda,38,38,139308,136416,275724,28508,22969,51477,18.67,Nagarpalika
2021-02-28_12:04:54,Mahesana,38,33,146205,137568,283773,34113,26368,60481,21.31,Nagarpalika
2021-02-28_12:04:54,Morbi,26,26,99200,91592,190792,21776,12506,34282,17.97,Nagarpalika
2021-02-28_12:04:54,Narmada,7,7,14435,14979,29414,2034,2026,4060,13.80,Nagarpalika
2021-02-28_12:04:54,Navsari,19,19,122774,114496,237270,26725,18199,44924,18.93,Nagarpalika
2021-02-28_12:04:54,PanchMahals,17,17,65658,63394,129052,14975,11363,26338,20.41,Nagarpalika
2021-02-28_12:04:54,Patan,20,20,87861,82086,169947,19483,14648,34131,20.08,Nagarpalika
2021-02-28_12:04:54,Porbandar,13,13,94793,90435,185228,14538,9462,24000,12.96,Nagarpalika
2021-02-28_12:04:54,Rajkot,11,11,46389,43265,89654,8068,5010,13078,14.59,Nagarpalika
2021-02-28_12:04:54,SabarKantha,15,15,39922,38700,78622,9394,6902,16296,20.73,Nagarpalika
2021-02-28_12:04:54,Surat,29,29,54734,48680,103414,12506,9526,22032,21.30,Nagarpalika
2021-02-28_12:04:54,Surendranagar,41,39,162569,151850,314419,33823,21340,55163,17.54,Nagarpalika
2021-02-28_12:04:54,Tapi,7,7,16206,16471,32677,4113,3643,7756,23.74,Nagarpalika
2021-02-28_12:04:54,Vadodara,22,21,45406,44084,89490,10783,9056,19839,22.17,Nagarpalika
2021-02-28_12:04:54,Valsad,7,7,12159,9820,21979,2822,1953,4775,21.73,Nagarpalika
