2021-02-28_13:07:01,Ahmadabad,34,31,437129,401107,838236,124048,74489,198537,23.69,District Panchayat
2021-02-28_13:07:01,Amreli,34,34,487298,451365,938663,127092,78925,206017,21.95,District Panchayat
2021-02-28_13:07:01,Anand,42,42,628845,586894,1215739,146814,82960,229774,18.90,District Panchayat
2021-02-28_13:07:01,Arvalli,30,30,376844,359118,735962,106122,70511,176633,24.00,District Panchayat
2021-02-28_13:07:01,Bharuch,34,26,468837,435571,904408,85248,61070,146318,16.18,District Panchayat
2021-02-28_13:07:01,Bhavnagar,40,40,603309,554664,1157973,162887,106352,269239,23.25,District Panchayat
2021-02-28_13:07:01,Botad,20,13,132592,117981,250573,32567,17770,50337,20.09,District Panchayat
2021-02-28_13:07:01,ChhotaUdaipur,32,27,392553,369603,762156,78323,63876,142199,18.66,District Panchayat
2021-02-28_13:07:01,DevbhumiDwarka,22,21,207700,192898,400598,63922,35405,99327,24.79,District Panchayat
2021-02-28_13:07:01,Dohad,50,50,670243,671292,1341535,157774,158561,316335,23.58,District Panchayat
2021-02-28_13:07:01,Gandhinagar,28,28,366066,346877,712943,113585,76133,189718,26.61,District Panchayat
2021-02-28_13:07:01,GirSomnath,28,28,360516,339611,700127,104899,74345,179244,25.60,District Panchayat
2021-02-28_13:07:01,Jamnagar,24,24,281592,261459,543051,75510,49027,124537,22.93,District Panchayat
2021-02-28_13:07:01,Junagadh,30,29,404115,370824,774939,111335,69163,180498,23.29,District Panchayat
2021-02-28_13:07:01,Kachchh,40,40,557441,517942,1075383,154131,95303,249434,23.19,District Panchayat
2021-02-28_13:07:01,Mahesana,42,39,673866,623203,1297069,188155,118142,306297,23.61,District Panchayat
2021-02-28_13:07:01,Mahisagar,28,28,348235,328536,676771,85410,63355,148765,21.98,District Panchayat
2021-02-28_13:07:01,Morbi,24,24,281342,260224,541566,100117,58591,158708,29.31,District Panchayat
2021-02-28_13:07:01,Narmada,22,22,210704,204208,414912,64794,54046,118840,28.64,District Panchayat
2021-02-28_13:07:01,Navsari,30,30,387723,389351,777074,108098,89148,197246,25.38,District Panchayat
2021-02-28_13:07:01,PanchMahals,38,34,460474,433704,894178,119048,96309,215357,24.08,District Panchayat
2021-02-28_13:07:01,Patan,32,32,461883,424727,886610,122408,76005,198413,22.38,District Panchayat
2021-02-28_13:07:01,Porbandar,18,18,124573,115251,239824,32668,18206,50874,21.21,District Panchayat
2021-02-28_13:07:01,Rajkot,36,36,503482,456937,960419,132878,76503,209381,21.80,District Panchayat
2021-02-28_13:07:01,SabarKantha,36,36,469961,442942,912903,137489,87436,224925,24.64,District Panchayat
2021-02-28_13:07:01,Surat,36,34,496818,484416,981234,125573,91664,217237,22.14,District Panchayat
2021-02-28_13:07:01,Surendranagar,34,32,426424,381862,808286,115924,63381,179305,22.18,District Panchayat
2021-02-28_13:07:01,Tapi,26,26,286594,298827,585421,85676,75195,160871,27.48,District Panchayat
2021-02-28_13:07:01,TheDangs,18,16,82544,81642,164186,32183,27082,59265,36.10,District Panchayat
2021-02-28_13:07:01,Vadodara,34,34,496440,465390,961830,136553,97786,234339,24.36,District Panchayat
2021-02-28_13:07:01,Valsad,38,37,484869,466807,951676,119985,99932,219917,23.11,District Panchayat
2021-02-28_13:07:01,Ahmadabad,176,168,454954,418321,873275,129556,77341,206897,23.69,Taluka Panchayat
2021-02-28_13:07:01,Amreli,192,190,481639,446125,927764,126047,78453,204500,22.04,Taluka Panchayat
2021-02-28_13:07:01,Anand,196,195,626520,584808,1211328,168300,101391,269691,22.26,Taluka Panchayat
2021-02-28_13:07:01,Arvalli,128,125,368154,350994,719148,119641,85525,205166,28.53,Taluka Panchayat
2021-02-28_13:07:01,Bharuch,182,181,480358,446990,927348,107633,78463,186096,20.07,Taluka Panchayat
2021-02-28_13:07:01,Bhavnagar,210,204,590740,543431,1134171,164210,107286,271496,23.94,Taluka Panchayat
2021-02-28_13:07:01,Botad,78,74,191721,173802,365523,46182,25096,71278,19.50,Taluka Panchayat
2021-02-28_13:07:01,ChhotaUdaipur,140,123,392553,369603,762156,90348,75745,166093,21.79,Taluka Panchayat
2021-02-28_13:07:01,DevbhumiDwarka,80,75,207103,192161,399264,67283,38156,105439,26.41,Taluka Panchayat
2021-02-28_13:07:01,Dohad,238,233,656864,657837,1314701,154135,153286,307421,23.38,Taluka Panchayat
2021-02-28_13:07:01,Gandhinagar,80,79,267035,251857,518892,91400,63398,154798,29.83,Taluka Panchayat
2021-02-28_13:07:01,GirSomnath,128,128,360516,339611,700127,108031,77585,185616,26.51,Taluka Panchayat
2021-02-28_13:07:01,Jamnagar,112,111,279529,259594,539123,80611,50623,131234,24.34,Taluka Panchayat
2021-02-28_13:07:01,Junagadh,158,155,410567,376351,786918,114895,71624,186519,23.70,Taluka Panchayat
2021-02-28_13:07:01,Kachchh,204,200,545963,507021,1052984,156475,99331,255806,24.29,Taluka Panchayat
2021-02-28_13:07:01,Kheda,166,164,479824,449787,929611,140714,73742,214456,23.07,Taluka Panchayat
2021-02-28_13:07:01,Mahesana,216,206,659374,609297,1268671,200443,126949,327392,25.81,Taluka Panchayat
2021-02-28_13:07:01,Mahisagar,126,126,348235,328536,676771,85410,63353,148763,21.98,Taluka Panchayat
2021-02-28_13:07:01,Morbi,102,101,279274,258232,537506,92694,52607,145301,27.03,Taluka Panchayat
2021-02-28_13:07:01,Narmada,90,90,210704,204208,414912,74717,65226,139943,33.73,Taluka Panchayat
2021-02-28_13:07:01,Navsari,132,131,387723,389351,777074,107276,88373,195649,25.18,Taluka Panchayat
2021-02-28_13:07:01,PanchMahals,178,163,466180,438821,905001,121670,98159,219829,24.29,Taluka Panchayat
2021-02-28_13:07:01,Patan,170,165,449570,413348,862918,123236,75986,199222,23.09,Taluka Panchayat
2021-02-28_13:07:01,Porbandar,54,54,124573,115251,239824,29230,15732,44962,18.75,Taluka Panchayat
2021-02-28_13:07:01,Rajkot,202,197,492428,446988,939416,130575,75833,206408,21.97,Taluka Panchayat
2021-02-28_13:07:01,SabarKantha,172,172,469961,442942,912903,138511,89872,228383,25.02,Taluka Panchayat
2021-02-28_13:07:01,Surat,184,176,475930,463811,939741,125053,93402,218455,23.25,Taluka Panchayat
2021-02-28_13:07:01,Surendranagar,182,164,416756,373082,789838,116512,65206,181718,23.01,Taluka Panchayat
2021-02-28_13:07:01,Tapi,124,121,280467,292686,573153,86372,76246,162618,28.37,Taluka Panchayat
2021-02-28_13:07:01,TheDangs,48,47,89013,88272,177285,34707,28983,63690,35.93,Taluka Panchayat
2021-02-28_13:07:01,Vadodara,168,167,496439,465391,961830,133514,96308,229822,23.89,Taluka Panchayat
2021-02-28_13:07:01,Valsad,158,151,483232,465029,948261,120214,100623,220837,23.29,Taluka Panchayat
2021-02-28_13:07:01,Ahmadabad,24,24,68270,65462,133732,17011,12664,29675,22.19,Nagarpalika
2021-02-28_13:07:01,Amreli,39,39,110302,102978,213280,23493,16316,39809,18.67,Nagarpalika
2021-02-28_13:07:01,Anand,53,53,199223,192971,392194,45588,35600,81188,20.70,Nagarpalika
2021-02-28_13:07:01,Arvalli,15,15,34878,34489,69367,8488,6520,15008,21.64,Nagarpalika
2021-02-28_13:07:01,BanasKantha,28,28,116630,107564,224194,33472,24868,58340,26.02,Nagarpalika
2021-02-28_13:07:01,Bharuch,33,33,134465,130222,264687,26880,22345,49225,18.60,Nagarpalika
2021-02-28_13:07:01,Bhavnagar,24,24,67987,64177,132164,17124,11957,29081,22.00,Nagarpalika
2021-02-28_13:07:01,Botad,17,17,62086,58158,120244,13984,9381,23365,19.43,Nagarpalika
2021-02-28_13:07:01,DevbhumiDwarka,13,13,24848,23388,48236,5886,4358,10244,21.24,Nagarpalika
2021-02-28_13:07:01,Dohad,9,9,43099,42797,85896,10224,8505,18729,21.80,Nagarpalika
2021-02-28_13:07:01,Gandhinagar,18,18,67142,63821,130963,20011,15310,35321,26.97,Nagarpalika
2021-02-28_13:07:01,GirSomnath,32,28,102302,98670,200972,34564,29106,63670,31.68,Nagarpalika
2021-02-28_13:07:01,Jamnagar,7,7,10501,9981,20482,2762,2625,5387,26.30,Nagarpalika
2021-02-28_13:07:01,Junagadh,9,9,31920,29712,61632,6605,4350,10955,17.77,Nagarpalika
2021-02-28_13:07:01,Kachchh,49,48,223899,205551,429450,40400,28200,68600,15.97,Nagarpalika
2021-02-28_13:07:01,Kheda,38,38,139308,136416,275724,30383,24726,55109,19.99,Nagarpalika
2021-02-28_13:07:01,Mahesana,38,33,146205,137568,283773,38172,30091,68263,24.06,Nagarpalika
2021-02-28_13:07:01,Morbi,26,26,99200,91592,190792,24118,14100,38218,20.03,Nagarpalika
2021-02-28_13:07:01,Narmada,7,7,14435,14979,29414,2034,2026,4060,13.80,Nagarpalika
2021-02-28_13:07:01,Navsari,19,19,122774,114496,237270,27216,18711,45927,19.36,Nagarpalika
2021-02-28_13:07:01,PanchMahals,17,17,65658,63394,129052,14975,11363,26338,20.41,Nagarpalika
2021-02-28_13:07:01,Patan,20,20,87861,82086,169947,20212,15243,35455,20.86,Nagarpalika
2021-02-28_13:07:01,Porbandar,13,13,94793,90435,185228,15265,10298,25563,13.80,Nagarpalika
2021-02-28_13:07:01,Rajkot,11,11,46389,43265,89654,11163,8161,19324,21.55,Nagarpalika
2021-02-28_13:07:01,SabarKantha,15,15,39922,38700,78622,9394,6902,16296,20.73,Nagarpalika
2021-02-28_13:07:01,Surat,29,29,54734,48680,103414,13773,10391,24164,23.37,Nagarpalika
2021-02-28_13:07:01,Surendranagar,41,39,162569,151850,314419,33823,21340,55163,17.54,Nagarpalika
2021-02-28_13:07:01,Tapi,7,7,16206,16471,32677,4113,3643,7756,23.74,Nagarpalika
2021-02-28_13:07:01,Vadodara,22,21,45406,44084,89490,15876,14376,30252,33.80,Nagarpalika
2021-02-28_13:07:01,Valsad,7,7,12159,9820,21979,2822,1953,4775,21.73,Nagarpalika
