2021-02-28_11:44:54,Ahmadabad,34,31,437129,401107,838236,67137,35971,103108,12.30,District Panchayat
2021-02-28_11:44:54,Amreli,34,34,487298,451365,938663,113357,69066,182423,19.43,District Panchayat
2021-02-28_11:44:54,Anand,42,42,628845,586894,1215739,104231,49874,154105,12.68,District Panchayat
2021-02-28_11:44:54,Arvalli,30,30,376844,359118,735962,92185,59413,151598,20.60,District Panchayat
2021-02-28_11:44:54,Bharuch,34,26,468837,435571,904408,60280,40349,100629,11.13,District Panchayat
2021-02-28_11:44:54,Bhavnagar,40,40,603309,554664,1157973,117810,71043,188853,16.31,District Panchayat
2021-02-28_11:44:54,Botad,20,13,132592,117981,250573,16203,7248,23451,9.36,District Panchayat
2021-02-28_11:44:54,ChhotaUdaipur,32,26,392553,369603,762156,36062,23570,59632,7.82,District Panchayat
2021-02-28_11:44:54,DevbhumiDwarka,22,21,207700,192898,400598,41188,20036,61224,15.28,District Panchayat
2021-02-28_11:44:54,Dohad,50,50,670243,671292,1341535,69179,55877,125056,9.32,District Panchayat
2021-02-28_11:44:54,Gandhinagar,28,28,366066,346877,712943,110500,73932,184432,25.87,District Panchayat
2021-02-28_11:44:54,GirSomnath,28,28,360516,339611,700127,101770,72247,174017,24.86,District Panchayat
2021-02-28_11:44:54,Jamnagar,24,24,281592,261459,543051,72748,44030,116778,21.50,District Panchayat
2021-02-28_11:44:54,Junagadh,30,29,404115,370824,774939,100680,59847,160527,20.71,District Panchayat
2021-02-28_11:44:54,Kachchh,40,40,557441,517942,1075383,127445,74296,201741,18.76,District Panchayat
2021-02-28_11:44:54,Mahesana,42,35,673866,623203,1297069,120400,69264,189664,14.62,District Panchayat
2021-02-28_11:44:54,Mahisagar,28,28,348235,328536,676771,62574,39536,102110,15.09,District Panchayat
2021-02-28_11:44:54,Morbi,24,24,281342,260224,541566,82967,47518,130485,24.09,District Panchayat
2021-02-28_11:44:54,Narmada,22,22,210704,204208,414912,27818,17052,44870,10.81,District Panchayat
2021-02-28_11:44:54,Navsari,30,30,387723,389351,777074,76214,57164,133378,17.16,District Panchayat
2021-02-28_11:44:54,PanchMahals,38,34,460474,433704,894178,67175,48929,116104,12.98,District Panchayat
2021-02-28_11:44:54,Patan,32,32,461883,424727,886610,74381,40919,115300,13.00,District Panchayat
2021-02-28_11:44:54,Porbandar,18,18,124573,115251,239824,28581,15225,43806,18.27,District Panchayat
2021-02-28_11:44:54,Rajkot,36,30,503482,456937,960419,56878,25321,82199,8.56,District Panchayat
2021-02-28_11:44:54,SabarKantha,36,36,469961,442942,912903,137489,87436,224925,24.64,District Panchayat
2021-02-28_11:44:54,Surat,36,34,496818,484416,981234,71998,47908,119906,12.22,District Panchayat
2021-02-28_11:44:54,Surendranagar,34,32,426424,381862,808286,57916,22821,80737,9.99,District Panchayat
2021-02-28_11:44:54,Tapi,26,26,286594,298827,585421,39640,31216,70856,12.10,District Panchayat
2021-02-28_11:44:54,TheDangs,18,16,82544,81642,164186,10684,7723,18407,11.21,District Panchayat
2021-02-28_11:44:54,Vadodara,34,34,496440,465390,961830,74511,46823,121334,12.61,District Panchayat
2021-02-28_11:44:54,Valsad,38,37,484869,466807,951676,69250,51323,120573,12.67,District Panchayat
2021-02-28_11:44:54,Ahmadabad,176,168,454975,418323,873298,68494,34439,102933,11.79,Taluka Panchayat
2021-02-28_11:44:54,Amreli,192,190,481639,446125,927764,112570,67580,180150,19.42,Taluka Panchayat
2021-02-28_11:44:54,Anand,196,195,626520,584808,1211328,107739,57798,165537,13.67,Taluka Panchayat
2021-02-28_11:44:54,Arvalli,128,125,368154,350994,719148,102273,68430,170703,23.74,Taluka Panchayat
2021-02-28_11:44:54,Bharuch,182,181,480358,446990,927348,68635,44615,113250,12.21,Taluka Panchayat
2021-02-28_11:44:54,Bhavnagar,210,204,590740,543431,1134171,135936,85956,221892,19.56,Taluka Panchayat
2021-02-28_11:44:54,Botad,78,74,191721,173802,365523,29209,14074,43283,11.84,Taluka Panchayat
2021-02-28_11:44:54,ChhotaUdaipur,140,114,392553,369603,762156,40642,27162,67804,8.90,Taluka Panchayat
2021-02-28_11:44:54,DevbhumiDwarka,80,75,207103,192161,399264,55818,29413,85231,21.35,Taluka Panchayat
2021-02-28_11:44:54,Dohad,238,213,656864,657837,1314701,98917,88989,187906,14.29,Taluka Panchayat
2021-02-28_11:44:54,Gandhinagar,80,79,270453,255137,525590,79885,53529,133414,25.38,Taluka Panchayat
2021-02-28_11:44:54,GirSomnath,128,128,360516,339611,700127,90258,63755,154013,22.00,Taluka Panchayat
2021-02-28_11:44:54,Jamnagar,112,111,279529,259594,539123,62715,36200,98915,18.35,Taluka Panchayat
2021-02-28_11:44:54,Junagadh,158,155,410567,376351,786918,105561,63178,168739,21.44,Taluka Panchayat
2021-02-28_11:44:54,Kachchh,204,200,545963,507021,1052984,124508,72422,196930,18.70,Taluka Panchayat
2021-02-28_11:44:54,Kheda,166,164,479824,449787,929611,134953,69438,204391,21.99,Taluka Panchayat
2021-02-28_11:44:54,Mahesana,216,206,659374,609297,1268671,165079,99734,264813,20.87,Taluka Panchayat
2021-02-28_11:44:54,Mahisagar,126,126,348235,328536,676771,57081,35517,92598,13.68,Taluka Panchayat
2021-02-28_11:44:54,Morbi,102,101,279274,258232,537506,82328,47034,129362,24.07,Taluka Panchayat
2021-02-28_11:44:54,Narmada,90,90,210704,204208,414912,32239,22878,55117,13.28,Taluka Panchayat
2021-02-28_11:44:54,Navsari,132,131,387723,389351,777074,83393,64074,147467,18.98,Taluka Panchayat
2021-02-28_11:44:54,PanchMahals,178,163,466180,438821,905001,70689,51504,122193,13.50,Taluka Panchayat
2021-02-28_11:44:54,Patan,170,165,449570,413348,862918,78958,43192,122150,14.16,Taluka Panchayat
2021-02-28_11:44:54,Porbandar,54,54,124573,115251,239824,28846,15372,44218,18.44,Taluka Panchayat
2021-02-28_11:44:54,Rajkot,202,197,492428,446988,939416,97907,51722,149629,15.93,Taluka Panchayat
2021-02-28_11:44:54,SabarKantha,172,172,469961,442942,912903,110382,70228,180610,19.78,Taluka Panchayat
2021-02-28_11:44:54,Surat,184,176,475930,463811,939741,86761,61575,148336,15.78,Taluka Panchayat
2021-02-28_11:44:54,Surendranagar,182,164,416756,373082,789838,67885,28724,96609,12.23,Taluka Panchayat
2021-02-28_11:44:54,Tapi,124,121,280467,292686,573153,58023,49421,107444,18.75,Taluka Panchayat
2021-02-28_11:44:54,TheDangs,48,47,89013,88272,177285,10529,6316,16845,9.50,Taluka Panchayat
2021-02-28_11:44:54,Vadodara,168,167,496439,465391,961830,69094,42947,112041,11.65,Taluka Panchayat
2021-02-28_11:44:54,Valsad,158,151,483232,465029,948261,69493,49105,118598,12.51,Taluka Panchayat
2021-02-28_11:44:54,Ahmadabad,24,24,68270,65462,133732,11900,8459,20359,15.22,Nagarpalika
2021-02-28_11:44:54,Amreli,39,39,110302,102978,213280,12762,7475,20237,9.49,Nagarpalika
2021-02-28_11:44:54,Anand,53,53,199223,192971,392194,37265,29838,67103,17.11,Nagarpalika
2021-02-28_11:44:54,Arvalli,15,15,34878,34489,69367,8488,6520,15008,21.64,Nagarpalika
2021-02-28_11:44:54,BanasKantha,28,28,116630,107564,224194,23856,16751,40607,18.11,Nagarpalika
2021-02-28_11:44:54,Bharuch,33,33,134465,130222,264687,17009,14992,32001,12.09,Nagarpalika
2021-02-28_11:44:54,Bhavnagar,24,24,67987,64177,132164,17124,11957,29081,22.00,Nagarpalika
2021-02-28_11:44:54,Botad,17,17,62086,58158,120244,12774,8241,21015,17.48,Nagarpalika
2021-02-28_11:44:54,DevbhumiDwarka,13,13,24848,23388,48236,5886,4358,10244,21.24,Nagarpalika
2021-02-28_11:44:54,Dohad,9,9,43099,42797,85896,8589,6862,15451,17.99,Nagarpalika
2021-02-28_11:44:54,Gandhinagar,18,18,67142,63821,130963,16783,12498,29281,22.36,Nagarpalika
2021-02-28_11:44:54,GirSomnath,32,28,102302,98670,200972,19957,15191,35148,17.49,Nagarpalika
2021-02-28_11:44:54,Jamnagar,7,7,10501,9981,20482,2762,2625,5387,26.30,Nagarpalika
2021-02-28_11:44:54,Junagadh,9,9,31920,29712,61632,6605,4350,10955,17.77,Nagarpalika
2021-02-28_11:44:54,Kachchh,49,48,223899,205551,429450,35256,23212,58468,13.61,Nagarpalika
2021-02-28_11:44:54,Kheda,38,38,139308,136416,275724,27312,21711,49023,17.78,Nagarpalika
2021-02-28_11:44:54,Mahesana,38,33,146205,137568,283773,29786,22741,52527,18.51,Nagarpalika
2021-02-28_11:44:54,Morbi,26,26,99200,91592,190792,21776,12506,34282,17.97,Nagarpalika
2021-02-28_11:44:54,Narmada,7,7,14435,14979,29414,2034,2026,4060,13.80,Nagarpalika
2021-02-28_11:44:54,Navsari,19,19,122774,114496,237270,15279,11652,26931,11.35,Nagarpalika
2021-02-28_11:44:54,PanchMahals,17,17,65658,63394,129052,14975,11363,26338,20.41,Nagarpalika
2021-02-28_11:44:54,Patan,20,20,87861,82086,169947,19483,14648,34131,20.08,Nagarpalika
2021-02-28_11:44:54,Porbandar,13,13,94793,90435,185228,14538,9462,24000,12.96,Nagarpalika
2021-02-28_11:44:54,Rajkot,11,11,46389,43265,89654,8068,5010,13078,14.59,Nagarpalika
2021-02-28_11:44:54,SabarKantha,15,15,39922,38700,78622,9394,6902,16296,20.73,Nagarpalika
2021-02-28_11:44:54,Surat,29,29,54734,48680,103414,11155,8384,19539,18.89,Nagarpalika
2021-02-28_11:44:54,Surendranagar,41,39,162569,151850,314419,27868,17562,45430,14.45,Nagarpalika
2021-02-28_11:44:54,Tapi,7,7,16206,16471,32677,1722,1131,2853,8.73,Nagarpalika
2021-02-28_11:44:54,Vadodara,22,21,45406,44084,89490,10783,9056,19839,22.17,Nagarpalika
2021-02-28_11:44:54,Valsad,7,7,12159,9820,21979,2822,1953,4775,21.73,Nagarpalika
